242|Fiji|-179.9,-16.1 -179.9,-16.8 179.2,-16.8 178.5,-16.8 179.2,-16.1 179.9,-16.1 -179.9,-16.1
834|Tanzania|33.6,-0.7 34.3,-1.4 37.8,-2.8 37.8,-3.5 39.2,-4.9 38.5,-5.6 38.5,-6.3 39.2,-7.0 39.2,-7.7 39.2,-8.4 39.2,-9.1 39.9,-9.8 40.6,-10.5 39.2,-11.2 38.5,-11.2 37.8,-11.2 37.8,-11.9 37.1,-11.9 36.4,-11.9 35.0,-11.2 34.3,-11.2 34.3,-10.5 33.6,-9.8 33.6,-9.1 32.9,-9.1 32.2,-9.1 31.5,-9.1 31.5,-8.4 30.8,-8.4 30.1,-7.0 29.4,-6.3 29.4,-5.6 29.4,-4.2 30.1,-4.2 30.8,-3.5 30.8,-2.8 30.8,-2.1 30.8,-1.4 30.1,-1.4 30.8,-0.7 32.2,-0.7 33.6,-0.7
732|W. Sahara|-8.4,28.0 -8.4,27.3 -8.4,25.9 -11.9,25.9 -11.9,23.1 -12.6,23.1 -13.3,23.1 -12.6,21.0 -16.8,21.0 -16.8,21.7 -14.7,21.7 -14.0,22.4 -14.0,23.8 -12.6,24.5 -11.9,25.9 -11.2,26.6 -10.5,27.3 -10.5,26.6 -9.8,26.6 -9.1,27.3 -9.1,28.0 -8.4,28.0
124|Canada|-122.5,49.0 -123.2,49.0 -124.6,49.7 -125.3,50.4 -127.4,51.1 -128.1,51.8 -128.1,52.5 -128.8,52.5 -129.5,53.9 -130.2,54.6 -130.2,55.3 -130.2,56.0 -131.6,56.7 -133.0,57.4 -133.7,58.1 -134.4,58.8 -135.1,59.5 -135.8,59.5 -136.5,59.5 -137.2,58.8 -138.6,59.5 -139.3,60.2 -140.0,60.2 -140.7,60.2 -140.7,65.8 -140.7,70.0 -139.3,69.3 -137.2,69.3 -136.5,68.6 -135.8,69.3 -134.4,69.3 -133.0,69.3 -131.6,70.0 -129.5,70.0 -128.8,70.0 -128.1,70.0 -128.1,70.7 -127.4,70.7 -126.0,69.3 -124.6,70.0 -124.6,69.3 -123.2,69.3 -122.5,70.0 -121.8,70.0 -119.7,69.3 -117.6,69.3 -116.2,68.6 -115.5,68.6 -114.1,68.6 -115.5,67.9 -113.4,67.9 -110.6,67.9 -109.9,67.9 -109.2,67.2 -107.8,67.9 -108.5,68.6 -107.1,68.6 -106.4,68.6 -105.0,68.6 -104.3,67.9 -102.9,67.9 -101.5,67.9 -100.1,67.9 -98.7,67.9 -98.7,68.6 -98.0,68.6 -95.9,67.9 -95.9,67.2 -95.2,67.9 -94.5,67.9 -94.5,69.3 -95.2,70.0 -96.6,70.0 -96.6,71.4 -95.2,72.1 -93.8,72.1 -93.1,71.4 -91.7,70.0 -92.4,70.0 -90.3,69.3 -90.3,68.6 -88.9,69.3 -88.2,68.6 -88.2,67.9 -87.5,67.2 -86.1,67.9 -85.4,68.6 -85.4,70.0 -84.0,70.0 -82.6,70.0 -81.2,69.3 -81.2,68.6 -81.9,67.9 -81.2,67.9 -81.2,67.2 -83.3,66.5 -84.7,66.5 -86.1,66.5 -86.1,65.8 -86.8,65.1 -87.5,65.1 -88.2,64.4 -89.6,63.7 -91.0,63.7 -91.0,63.0 -91.7,63.0 -93.1,62.3 -94.5,60.9 -94.5,60.2 -94.5,58.8 -93.1,58.8 -93.1,58.1 -92.4,57.4 -91.0,57.4 -88.9,56.7 -88.2,56.7 -87.5,56.0 -86.1,56.0 -84.7,55.3 -83.3,55.3 -82.6,55.3 -82.6,54.6 -81.9,53.2 -81.2,52.5 -79.8,51.1 -79.1,51.8 -78.4,52.5 -79.1,53.9 -79.8,54.6 -78.4,55.3 -77.0,56.0 -76.3,56.7 -76.3,57.4 -77.0,58.1 -78.4,58.8 -77.0,60.2 -77.7,60.9 -78.4,62.3 -77.7,62.3 -75.6,62.3 -74.9,62.3 -73.5,62.3 -72.8,62.3 -71.4,61.6 -71.4,60.9 -69.3,60.9 -69.3,60.2 -69.3,58.8 -68.6,58.8 -67.9,58.1 -66.5,58.8 -65.1,60.2 -64.4,60.2 -63.7,59.5 -62.3,58.1 -61.6,56.7 -61.6,56.0 -60.2,56.0 -59.5,55.3 -58.1,54.6 -57.4,54.6 -56.7,53.9 -56.0,53.9 -56.0,53.2 -56.0,51.8 -56.7,51.8 -57.4,51.1 -58.8,51.1 -60.2,50.4 -61.6,50.4 -63.7,50.4 -65.1,50.4 -66.5,50.4 -67.2,49.7 -68.6,49.0 -70.0,47.6 -71.4,46.9 -70.0,46.9 -68.6,48.3 -66.5,49.0 -65.1,49.0 -64.4,49.0 -65.1,48.3 -65.1,46.9 -64.4,46.2 -63.0,45.5 -61.6,46.2 -60.2,46.9 -60.2,46.2 -59.5,46.2 -60.9,45.5 -63.0,44.8 -64.4,44.1 -65.1,43.4 -65.8,43.4 -66.5,44.8 -64.4,45.5 -65.8,45.5 -67.2,44.8 -67.9,45.5 -67.9,46.9 -67.9,47.6 -68.6,46.9 -69.3,47.6 -70.0,46.9 -70.0,46.2 -70.7,45.5 -71.4,45.5 -71.4,44.8 -73.5,44.8 -74.9,44.8 -75.6,44.8 -76.3,44.1 -77.0,43.4 -77.7,43.4 -78.4,43.4 -79.1,43.4 -79.1,42.7 -80.5,42.7 -81.2,42.0 -82.6,42.0 -83.3,42.0 -82.6,42.7 -81.9,43.4 -82.6,44.1 -82.6,45.5 -83.3,45.5 -83.3,46.2 -84.0,46.2 -84.7,46.2 -84.7,46.9 -85.4,46.9 -86.8,47.6 -87.5,47.6 -88.2,48.3 -89.6,48.3 -91.0,48.3 -91.7,48.3 -92.4,48.3 -93.8,48.3 -94.5,49.0 -94.5,49.7 -95.2,49.7 -95.2,49.0 -97.3,49.0 -100.8,49.0 -104.3,49.0 -107.1,49.0 -109.9,49.0 -112.7,49.0 -116.2,49.0 -116.9,49.0 -119.7,49.0 -122.5,49.0~-79.8,72.8 -81.2,73.5 -80.5,73.5 -78.4,73.5 -76.3,72.8 -77.0,72.8 -78.4,72.8 -79.8,72.8~-93.8,74.9 -94.5,74.9 -95.9,74.9 -96.6,74.9 -96.6,75.6 -95.2,75.6 -93.8,75.6 -93.8,74.9~-96.6,79.1 -95.9,78.4 -97.3,77.7 -98.0,78.4 -98.7,78.4 -98.7,79.1 -97.3,79.1 -96.6,79.1~-88.2,74.2 -89.6,74.2 -92.4,74.9 -93.1,75.6 -93.8,76.3 -95.9,76.3 -97.3,77.0 -96.6,77.0 -94.5,77.0 -93.8,77.0 -91.7,77.0 -91.0,76.3 -89.6,75.6 -88.9,75.6 -87.5,75.6 -86.1,75.6 -84.7,75.6 -82.6,75.6 -81.2,75.6 -79.8,75.6 -79.8,74.9 -80.5,74.9 -81.9,74.2 -83.3,74.9 -86.1,74.2 -88.2,74.2~-55.3,51.1 -56.0,50.4 -56.7,49.7 -56.0,50.4 -55.3,49.7 -56.0,49.7 -54.6,49.0 -54.6,49.7 -53.2,49.0 -53.9,48.3 -53.2,49.0 -53.2,48.3 -52.5,47.6 -53.2,46.9 -53.9,46.9 -53.9,47.6 -55.3,46.9 -56.0,46.9 -55.3,47.6 -56.0,47.6 -57.4,47.6 -59.5,47.6 -58.8,48.3 -59.5,48.3 -58.1,49.0 -57.4,50.4 -56.7,51.1 -56.0,51.8 -55.3,51.8 -55.3,51.1~-84.0,65.1 -82.6,65.1 -81.9,64.4 -81.9,63.7 -80.5,64.4 -79.8,63.7 -81.2,63.7 -82.6,63.7 -83.3,64.4 -84.0,63.7 -85.4,63.0 -86.1,63.7 -87.5,63.7 -86.1,63.7 -86.1,65.1 -86.1,65.8 -85.4,65.8 -84.7,65.1 -84.0,65.1~-79.1,72.1 -77.7,72.8 -75.6,72.1 -74.2,72.1 -74.2,71.4 -72.1,71.4 -71.4,70.7 -68.6,70.7 -67.9,70.0 -67.2,69.3 -68.6,68.6 -66.5,67.9 -65.1,67.9 -63.7,67.2 -61.6,67.2 -62.3,66.5 -63.7,65.1 -65.1,65.1 -66.5,66.5 -67.9,66.5 -67.9,65.8 -67.2,65.1 -65.8,64.4 -65.1,64.4 -64.4,63.7 -65.1,63.0 -66.5,63.0 -68.6,63.7 -67.2,63.0 -66.5,62.3 -66.5,61.6 -68.6,62.3 -70.7,63.0 -72.1,63.7 -73.5,64.4 -74.9,64.4 -77.7,64.4 -78.4,64.4 -77.7,65.1 -76.3,65.1 -74.2,65.8 -74.2,66.5 -72.8,67.2 -72.8,67.9 -73.5,67.9 -74.9,68.6 -77.0,68.6 -76.3,69.3 -77.0,70.0 -78.4,70.0 -79.1,70.0 -79.8,70.0 -81.2,70.0 -84.7,70.0 -86.8,70.0 -88.9,70.7 -89.6,70.7 -88.2,71.4 -89.6,71.4 -90.3,72.1 -89.6,72.8 -88.2,73.5 -86.1,73.5 -86.8,73.5 -86.1,72.8 -84.7,73.5 -82.6,73.5 -80.5,72.8 -80.5,72.1 -79.1,72.1~-94.5,74.2 -92.4,74.2 -90.3,74.2 -91.7,72.8 -93.1,72.8 -94.5,72.1 -95.2,72.1 -95.9,72.8 -95.9,73.5 -95.2,74.2 -94.5,74.2~-123.2,76.3 -121.1,77.0 -119.0,77.7 -117.6,77.7 -116.2,77.7 -116.2,77.0 -116.9,76.3 -118.3,76.3 -119.7,76.3 -121.8,75.6 -123.2,76.3~-105.7,79.1 -103.6,79.1 -100.8,79.1 -100.1,78.4 -99.4,77.7 -101.5,77.7 -102.9,78.4 -105.0,78.4 -104.3,78.4 -105.7,79.1~-123.2,48.3 -123.9,48.3 -126.0,49.0 -126.7,49.7 -128.1,49.7 -128.1,50.4 -128.1,51.1 -127.4,50.4 -126.7,50.4 -126.0,50.4 -125.3,49.7 -124.6,49.7 -123.9,49.0 -123.2,48.3~-121.8,74.2 -120.4,74.2 -117.6,74.2 -116.9,74.2 -115.5,73.5 -116.9,73.5 -119.0,72.8 -120.4,72.1 -120.4,71.4 -123.2,70.7 -123.9,71.4 -126.0,72.1 -125.3,72.1 -124.6,72.8 -123.9,73.5 -124.6,74.2 -121.8,74.2~-107.8,75.6 -107.1,76.3 -105.7,76.3 -105.7,75.6 -106.4,74.9 -109.9,74.9 -112.0,74.2 -113.4,74.2 -114.1,74.9 -112.0,74.9 -116.2,74.9 -117.6,74.9 -116.2,76.3 -115.5,76.3 -112.7,76.3 -110.6,75.6 -109.2,75.6 -110.6,76.3 -109.9,77.0 -108.5,77.0 -108.5,76.3 -107.8,75.6~-106.4,72.8 -105.7,72.8 -105.0,71.4 -104.3,70.7 -102.9,70.7 -100.8,70.0 -100.8,69.3 -102.9,69.3 -102.2,69.3 -102.2,68.6 -104.3,68.6 -105.7,69.3 -107.1,69.3 -109.2,68.6 -111.3,68.6 -113.4,68.6 -114.1,69.3 -115.5,69.3 -116.2,69.3 -117.6,70.0 -116.9,70.0 -114.8,70.0 -113.4,70.0 -112.7,70.7 -114.1,70.7 -116.2,70.7 -117.6,70.7 -118.3,70.7 -116.2,71.4 -117.6,71.4 -119.7,71.4 -118.3,72.1 -117.6,72.8 -115.5,73.5 -114.1,72.8 -114.8,72.8 -112.7,72.8 -111.3,72.8 -109.9,72.8 -109.2,72.8 -108.5,71.4 -107.8,72.1 -108.5,72.8 -107.8,73.5 -106.4,72.8~-100.1,72.8 -101.5,73.5 -100.1,73.5 -99.4,73.5 -97.3,73.5 -98.0,72.8 -96.6,72.8 -96.6,71.4 -98.7,71.4 -99.4,71.4 -100.1,71.4 -102.2,72.8 -100.1,72.8~-98.7,77.0 -98.0,76.3 -98.0,75.6 -98.0,74.9 -100.1,74.9 -100.8,74.9 -100.8,75.6 -102.2,75.6 -102.9,76.3 -101.5,76.3 -100.1,76.3 -98.7,76.3 -98.7,77.0~-95.9,80.5 -95.2,81.2 -94.5,81.2 -92.4,81.2 -91.0,80.5 -89.6,80.5 -87.5,80.5 -86.8,79.8 -86.1,79.1 -87.5,79.1 -88.9,78.4 -91.0,78.4 -93.1,78.4 -93.8,79.1 -93.1,79.1 -95.2,79.1 -95.9,79.8 -96.6,80.5 -95.9,80.5~-91.7,81.9 -90.3,81.9 -88.9,81.9 -86.8,82.6 -85.4,82.6 -84.0,82.6 -83.3,82.6 -82.6,82.6 -81.2,83.3 -79.1,83.3 -76.3,83.3 -75.6,83.3 -72.8,83.3 -70.7,83.3 -68.6,83.3 -65.8,83.3 -63.7,82.6 -61.6,82.6 -64.4,81.9 -66.5,81.9 -67.9,81.2 -65.8,81.2 -67.9,81.2 -69.3,80.5 -71.4,79.8 -73.5,79.8 -74.2,79.1 -77.0,79.1 -75.6,79.1 -76.3,79.1 -75.6,78.4 -76.3,78.4 -77.7,77.7 -78.4,77.7 -79.8,77.0 -77.7,77.0 -80.5,76.3 -83.3,76.3 -86.1,76.3 -87.5,76.3 -89.6,76.3 -89.6,77.0 -87.5,77.0 -88.2,77.7 -87.5,77.7 -84.7,77.7 -86.1,78.4 -88.2,78.4 -87.5,79.1 -85.4,79.1 -86.8,79.8 -86.8,80.5 -84.0,80.5 -83.3,79.8 -81.9,80.5 -84.0,80.5 -87.5,80.5 -89.6,81.2 -90.3,81.2 -91.7,81.9~-96.6,69.3 -95.9,69.3 -96.6,68.6 -97.3,69.3 -98.7,69.3 -100.1,69.3 -98.7,70.0 -98.0,70.0 -97.3,70.0 -96.6,70.0 -96.6,69.3
840|United States of America|-122.5,49.0 -119.7,49.0 -116.9,49.0 -116.2,49.0 -112.7,49.0 -109.9,49.0 -107.1,49.0 -104.3,49.0 -100.8,49.0 -97.3,49.0 -95.2,49.0 -95.2,49.7 -94.5,49.7 -94.5,49.0 -93.8,48.3 -92.4,48.3 -91.7,48.3 -91.0,48.3 -89.6,48.3 -88.2,48.3 -87.5,47.6 -86.8,47.6 -85.4,46.9 -84.7,46.9 -84.7,46.2 -84.0,46.2 -83.3,46.2 -83.3,45.5 -82.6,45.5 -82.6,44.1 -81.9,43.4 -82.6,42.7 -83.3,42.0 -82.6,42.0 -81.2,42.0 -80.5,42.7 -79.1,42.7 -79.1,43.4 -78.4,43.4 -77.7,43.4 -77.0,43.4 -76.3,44.1 -75.6,44.8 -74.9,44.8 -73.5,44.8 -71.4,44.8 -71.4,45.5 -70.7,45.5 -70.0,46.2 -70.0,46.9 -69.3,47.6 -68.6,46.9 -67.9,47.6 -67.9,46.9 -67.9,45.5 -67.2,44.8 -67.9,44.1 -69.3,44.1 -70.0,43.4 -70.7,43.4 -70.7,42.7 -70.7,42.0 -70.0,42.0 -70.0,41.3 -70.7,41.3 -71.4,41.3 -72.1,41.3 -72.8,41.3 -73.5,40.6 -72.1,41.3 -72.1,40.6 -73.5,40.6 -74.2,40.6 -74.2,39.9 -74.9,39.2 -75.6,39.2 -74.9,38.5 -75.6,37.8 -75.6,37.1 -76.3,37.1 -75.6,37.8 -76.3,38.5 -76.3,39.2 -76.3,38.5 -76.3,37.8 -77.0,38.5 -76.3,37.8 -76.3,37.1 -75.6,36.4 -75.6,35.7 -76.3,35.0 -77.7,34.3 -78.4,33.6 -79.1,33.6 -79.1,32.9 -80.5,32.2 -81.2,32.2 -81.2,31.5 -81.2,30.8 -81.2,30.1 -81.2,29.4 -80.5,28.7 -80.5,28.0 -79.8,26.6 -79.8,25.9 -80.5,25.2 -81.2,25.2 -81.2,25.9 -81.9,25.9 -81.9,26.6 -82.6,27.3 -82.6,28.0 -82.6,28.7 -82.6,29.4 -84.0,30.1 -85.4,29.4 -86.1,30.1 -87.5,30.1 -88.2,30.1 -88.9,30.1 -89.6,30.1 -89.6,29.4 -88.9,29.4 -89.6,29.4 -90.3,29.4 -91.0,29.4 -91.7,29.4 -92.4,29.4 -93.1,30.1 -93.8,29.4 -94.5,29.4 -95.9,28.7 -96.6,28.0 -97.3,28.0 -97.3,27.3 -97.3,26.6 -97.3,25.9 -98.0,25.9 -98.7,26.6 -99.4,26.6 -99.4,27.3 -100.1,28.0 -100.8,28.7 -100.8,29.4 -101.5,30.1 -102.2,30.1 -102.9,28.7 -103.6,29.4 -104.3,29.4 -105.0,30.1 -105.0,30.8 -105.7,30.8 -106.4,31.5 -108.5,31.5 -109.2,31.5 -111.3,31.5 -113.4,32.2 -114.8,32.2 -114.8,32.9 -116.2,32.9 -116.9,32.2 -117.6,32.9 -117.6,33.6 -118.3,33.6 -118.3,34.3 -119.0,34.3 -119.7,34.3 -120.4,34.3 -120.4,35.0 -121.8,36.4 -122.5,37.8 -123.2,37.8 -123.9,39.2 -123.9,39.9 -124.6,40.6 -123.9,41.3 -123.9,42.0 -124.6,42.7 -123.9,43.4 -123.9,44.8 -123.9,45.5 -123.9,46.9 -124.6,47.6 -124.6,48.3 -123.2,48.3 -122.5,46.9 -122.5,47.6 -122.5,48.3 -122.5,49.0~-140.7,70.0 -140.7,65.8 -140.7,60.2 -140.0,60.2 -139.3,60.2 -138.6,59.5 -137.2,58.8 -136.5,59.5 -135.8,59.5 -135.1,59.5 -134.4,58.8 -133.7,58.1 -133.0,57.4 -131.6,56.7 -130.2,56.0 -130.2,55.3 -130.2,54.6 -130.9,55.3 -132.3,55.3 -132.3,56.7 -133.7,57.4 -134.4,58.1 -135.1,58.1 -136.5,58.1 -137.9,58.8 -140.0,59.5 -140.7,59.5 -142.8,60.2 -144.2,60.2 -145.6,60.2 -147.0,60.9 -148.4,60.9 -147.7,60.2 -148.4,60.2 -149.8,59.5 -150.5,59.5 -151.9,59.5 -151.2,60.9 -150.5,60.9 -150.5,61.6 -151.9,60.9 -152.6,60.2 -154.0,59.5 -153.3,58.8 -154.0,58.1 -155.4,57.4 -156.1,57.4 -156.8,56.7 -158.2,56.7 -158.2,56.0 -159.6,55.3 -160.3,55.3 -161.0,55.3 -162.4,55.3 -163.1,54.6 -164.5,54.6 -165.2,54.6 -163.8,55.3 -163.1,55.3 -161.7,56.0 -160.3,56.0 -160.3,56.7 -158.9,56.7 -158.2,57.4 -157.5,57.4 -157.5,58.1 -156.8,58.8 -158.2,58.8 -158.9,58.1 -159.6,58.8 -160.3,58.8 -161.7,58.8 -162.4,59.5 -161.7,59.5 -162.4,60.2 -163.8,59.5 -164.5,60.2 -165.2,60.2 -165.2,60.9 -165.9,61.6 -165.9,62.3 -165.2,62.3 -164.5,63.0 -163.8,63.0 -163.1,63.0 -162.4,63.7 -161.7,63.7 -161.0,63.7 -161.0,64.4 -161.7,64.4 -161.0,65.1 -161.7,65.1 -162.4,64.4 -163.1,64.4 -163.8,64.4 -165.2,64.4 -166.6,64.4 -166.6,65.1 -168.0,65.8 -166.6,65.8 -164.5,66.5 -163.8,66.5 -163.8,65.8 -161.7,65.8 -162.4,66.5 -163.8,67.2 -164.5,67.9 -165.2,67.9 -166.6,68.6 -165.9,68.6 -164.5,68.6 -163.1,69.3 -163.1,70.0 -161.7,70.0 -161.0,70.7 -158.9,70.7 -158.2,70.7 -156.8,71.4 -155.4,71.4 -154.0,70.7 -151.9,70.7 -152.6,70.7 -150.5,70.7 -149.8,70.7 -147.7,70.0 -145.6,70.0 -144.9,70.0 -143.5,70.0 -142.1,70.0 -140.7,70.0
398|Kazakhstan|87.5,49.0 86.8,48.3 86.1,48.3 85.4,47.6 85.4,46.9 83.3,47.6 82.6,45.5 81.9,45.5 79.8,44.8 81.2,43.4 80.5,42.7 79.8,42.7 79.1,42.7 77.7,42.7 76.3,42.7 75.6,42.7 74.2,43.4 73.5,43.4 73.5,42.7 72.1,42.7 71.4,42.7 70.7,42.0 69.3,41.3 68.6,40.6 67.9,41.3 66.5,41.3 66.5,42.0 65.8,42.0 65.8,42.7 65.1,43.4 63.0,43.4 62.3,43.4 60.9,44.1 60.2,44.8 58.8,45.5 56.0,44.8 56.0,41.3 55.3,41.3 54.6,42.0 53.9,42.0 53.2,42.0 52.5,42.0 52.5,42.7 51.1,43.4 51.1,44.1 50.4,44.1 50.4,44.8 51.1,44.8 51.1,45.5 52.5,45.5 53.2,45.5 53.2,46.2 53.2,46.9 51.8,46.9 51.1,46.9 49.7,46.9 49.0,46.2 48.3,46.9 49.0,46.9 48.3,47.6 47.6,47.6 46.2,48.3 46.9,49.0 46.9,49.7 47.6,50.4 48.3,49.7 49.0,50.4 51.1,51.8 52.5,51.8 54.6,51.1 56.0,50.4 56.7,51.1 58.1,51.1 59.5,50.4 60.2,51.1 61.6,51.1 60.2,51.8 60.9,52.5 61.6,53.2 60.9,53.9 61.6,53.9 65.1,54.6 65.8,54.6 67.9,55.3 69.3,55.3 70.7,55.3 71.4,53.9 72.1,54.6 73.5,53.9 73.5,53.2 74.2,53.2 77.0,54.6 76.3,53.9 77.7,53.2 79.8,51.1 80.5,51.1 81.9,51.1 83.3,51.1 84.0,51.1 84.7,50.4 85.4,50.4 85.4,49.7 86.8,49.7 87.5,49.0
860|Uzbekistan|56.0,41.3 56.0,44.8 58.8,45.5 60.2,44.8 60.9,44.1 62.3,43.4 63.0,43.4 65.1,43.4 65.8,42.7 65.8,42.0 66.5,42.0 66.5,41.3 67.9,41.3 68.6,40.6 69.3,41.3 70.7,42.0 71.4,42.0 70.7,41.3 71.4,41.3 72.1,41.3 72.8,40.6 72.1,39.9 70.7,39.9 70.7,40.6 70.7,41.3 69.3,40.6 69.3,39.9 68.6,39.2 67.9,39.9 67.2,39.2 67.9,39.2 68.6,38.5 67.9,37.1 67.2,37.1 66.5,37.1 66.5,37.8 65.1,38.5 64.4,39.2 63.7,39.2 62.3,39.9 61.6,41.3 60.2,41.3 60.2,42.0 58.8,42.7 58.1,42.0 56.7,42.0 57.4,41.3 56.0,41.3
598|Papua New Guinea|140.7,-2.8 142.8,-3.5 144.9,-4.2 145.6,-4.2 145.6,-4.9 146.3,-5.6 147.7,-6.3 147.0,-7.0 147.0,-7.7 148.4,-7.7 148.4,-9.1 149.1,-9.1 149.1,-9.8 149.8,-9.8 150.5,-10.5 149.8,-10.5 149.1,-10.5 147.7,-9.8 147.0,-9.8 146.3,-9.1 146.3,-8.4 144.9,-7.7 144.2,-7.7 143.5,-8.4 143.5,-9.1 142.8,-9.1 142.1,-9.1 140.7,-9.1 140.7,-5.6 140.7,-2.8~151.2,-5.6 150.5,-6.3 149.8,-6.3 149.1,-6.3 148.4,-5.6 149.1,-5.6 149.8,-5.6 149.8,-4.9 150.5,-5.6 151.2,-4.9 151.9,-4.9 151.2,-4.2 151.9,-4.2 152.6,-4.2 152.6,-4.9 151.9,-5.6 151.2,-5.6
360|Indonesia|140.7,-2.8 140.7,-5.6 140.7,-9.1 140.0,-8.4 139.3,-8.4 138.6,-8.4 137.9,-8.4 137.9,-7.7 138.6,-7.0 138.6,-6.3 137.9,-5.6 135.8,-4.2 135.1,-4.2 133.7,-3.5 133.7,-4.2 133.0,-4.2 133.0,-3.5 132.3,-2.8 133.0,-2.8 133.7,-2.8 133.7,-2.1 132.3,-2.1 131.6,-1.4 130.9,-1.4 130.2,-0.7 131.6,-0.7 132.3,-0.7 133.7,-0.7 134.4,-1.4 134.4,-2.8 135.8,-3.5 136.5,-2.1 137.2,-1.4 138.6,-1.4 139.3,-2.1 140.0,-2.1 140.7,-2.8~117.6,4.2 117.6,3.5 118.3,2.1 117.6,2.1 119.0,0.7 117.6,0.7 117.6,0.0 117.6,-0.7 116.9,-1.4 116.2,-2.8 116.2,-4.2 116.2,-3.5 114.8,-4.2 114.8,-3.5 114.1,-3.5 113.4,-2.8 112.0,-3.5 112.0,-2.8 111.3,-2.8 109.9,-2.8 109.9,-1.4 109.2,-0.7 109.2,0.7 109.2,1.4 109.9,2.1 109.9,1.4 110.6,0.7 111.3,0.7 112.0,0.7 112.7,1.4 114.1,1.4 114.8,1.4 114.8,2.8 115.5,3.5 116.2,4.2 116.9,4.2 117.6,4.2~128.1,2.1 128.1,1.4 128.8,1.4 128.8,0.0 128.1,0.7 128.1,0.0 128.1,-0.7 127.4,0.0 127.4,0.7 127.4,2.1 128.1,2.1~123.2,0.7 123.9,0.7 125.3,1.4 124.6,0.7 123.9,0.0 122.5,0.7 121.1,0.7 120.4,0.0 119.7,-0.7 121.1,-1.4 121.8,-0.7 123.2,-0.7 123.2,-1.4 122.5,-0.7 122.5,-1.4 121.8,-2.1 122.5,-3.5 123.2,-4.9 123.2,-5.6 122.5,-5.6 122.5,-4.2 121.8,-4.9 121.8,-4.2 121.1,-3.5 121.1,-2.8 120.4,-2.8 120.4,-4.2 120.4,-5.6 119.7,-5.6 119.7,-4.2 119.7,-3.5 119.0,-3.5 119.0,-2.8 119.0,-2.1 119.0,-1.4 119.7,0.0 119.7,0.7 121.1,1.4 121.8,0.7 123.2,0.7~108.5,-6.3 108.5,-7.0 110.6,-7.0 110.6,-6.3 112.7,-7.0 112.7,-7.7 114.8,-7.7 115.5,-8.4 114.8,-9.1 113.4,-8.4 112.7,-8.4 111.3,-8.4 110.6,-8.4 109.2,-7.7 108.5,-7.7 106.4,-7.7 106.4,-7.0 105.7,-7.0 106.4,-5.6 107.1,-6.3 107.8,-6.3 108.5,-6.3~104.3,-1.4 104.3,-2.1 105.0,-2.1 105.7,-2.1 106.4,-2.8 105.7,-4.2 105.7,-5.6 105.0,-5.6 103.6,-4.9 102.9,-4.2 102.2,-3.5 101.5,-2.8 100.8,-2.1 100.1,-0.7 99.4,0.0 98.7,0.7 98.7,2.1 98.0,2.8 97.3,3.5 96.6,4.2 95.2,4.9 95.2,5.6 95.9,5.6 97.3,4.9 98.7,4.2 99.4,3.5 100.8,2.1 101.5,2.1 102.2,1.4 102.9,0.7 103.6,0.0 103.6,-0.7 104.3,-1.4
32|Argentina|-68.6,-52.5 -68.6,-53.2 -67.9,-53.9 -66.5,-54.6 -65.1,-54.6 -65.8,-55.3 -66.5,-55.3 -67.2,-54.6 -67.9,-54.6 -68.6,-54.6 -68.6,-52.5~-57.4,-30.1 -58.1,-30.8 -58.1,-32.2 -58.1,-32.9 -58.1,-33.6 -58.8,-34.3 -57.4,-35.0 -57.4,-35.7 -56.7,-36.4 -56.7,-37.1 -57.4,-38.5 -59.5,-38.5 -60.9,-39.2 -62.3,-38.5 -62.3,-39.2 -62.3,-39.9 -62.3,-40.6 -63.0,-41.3 -63.7,-41.3 -64.4,-40.6 -65.1,-41.3 -65.1,-42.0 -64.4,-42.7 -63.7,-42.0 -63.7,-42.7 -64.4,-42.7 -65.1,-43.4 -65.1,-44.8 -65.8,-44.8 -66.5,-44.8 -67.2,-45.5 -67.9,-46.2 -66.5,-46.9 -65.8,-46.9 -65.8,-48.3 -67.2,-49.0 -67.9,-49.7 -68.6,-50.4 -69.3,-50.4 -68.6,-51.8 -67.9,-52.5 -68.6,-52.5 -69.3,-51.8 -72.1,-51.8 -72.1,-51.1 -72.1,-50.4 -72.8,-50.4 -73.5,-50.4 -73.5,-49.0 -72.8,-49.0 -72.1,-48.3 -72.1,-47.6 -72.1,-46.9 -71.4,-45.5 -71.4,-44.8 -71.4,-44.1 -72.1,-44.1 -71.4,-44.1 -72.1,-43.4 -72.1,-42.0 -71.4,-42.0 -72.1,-40.6 -71.4,-39.9 -71.4,-39.2 -70.7,-38.5 -71.4,-37.8 -71.4,-36.4 -70.7,-35.7 -70.7,-35.0 -70.0,-34.3 -70.0,-33.6 -70.0,-32.9 -70.7,-31.5 -70.0,-30.1 -70.0,-29.4 -70.0,-28.7 -69.3,-27.3 -68.6,-26.6 -68.6,-25.9 -68.6,-24.5 -67.2,-23.8 -67.2,-23.1 -67.2,-22.4 -66.5,-21.7 -65.1,-22.4 -64.4,-23.1 -63.7,-21.7 -63.0,-21.7 -63.0,-22.4 -60.9,-23.8 -60.2,-23.8 -58.8,-24.5 -58.1,-25.2 -57.4,-25.9 -58.8,-27.3 -57.4,-27.3 -56.7,-27.3 -56.0,-27.3 -54.6,-26.6 -54.6,-25.9 -53.9,-25.2 -53.9,-25.9 -53.9,-26.6 -54.6,-27.3 -55.3,-28.0 -56.0,-28.7 -57.4,-30.1
152|Chile|-68.6,-52.5 -68.6,-54.6 -67.9,-54.6 -67.2,-54.6 -67.2,-55.3 -67.9,-55.3 -68.6,-55.3 -69.3,-55.3 -70.0,-55.3 -70.7,-55.3 -72.1,-54.6 -73.5,-53.9 -74.9,-52.5 -73.5,-53.2 -72.1,-53.9 -71.4,-53.9 -70.7,-53.9 -70.0,-53.2 -69.3,-52.5 -68.6,-52.5~-69.3,-17.5 -69.3,-18.2 -69.3,-18.9 -68.6,-19.6 -68.6,-20.3 -67.9,-21.7 -67.9,-23.1 -67.2,-22.4 -67.2,-23.1 -67.2,-23.8 -68.6,-24.5 -68.6,-25.9 -68.6,-26.6 -69.3,-27.3 -70.0,-28.7 -70.0,-29.4 -70.0,-30.1 -70.7,-31.5 -70.0,-32.9 -70.0,-33.6 -70.0,-34.3 -70.7,-35.0 -70.7,-35.7 -71.4,-36.4 -71.4,-37.8 -70.7,-38.5 -71.4,-39.2 -71.4,-39.9 -72.1,-40.6 -71.4,-42.0 -72.1,-42.0 -72.1,-43.4 -71.4,-44.1 -72.1,-44.1 -71.4,-44.1 -71.4,-44.8 -71.4,-45.5 -72.1,-46.9 -72.1,-47.6 -72.1,-48.3 -72.8,-49.0 -73.5,-49.0 -73.5,-50.4 -72.8,-50.4 -72.1,-50.4 -72.1,-51.1 -72.1,-51.8 -69.3,-51.8 -68.6,-52.5 -69.3,-52.5 -70.0,-52.5 -70.7,-53.2 -70.7,-53.9 -71.4,-53.9 -72.8,-53.2 -73.5,-52.5 -74.9,-52.5 -75.6,-51.8 -74.9,-51.1 -75.6,-50.4 -75.6,-49.0 -74.9,-47.6 -74.2,-46.9 -75.6,-46.9 -74.9,-45.5 -74.2,-44.1 -73.5,-44.8 -72.8,-42.7 -73.5,-42.0 -73.5,-43.4 -74.2,-43.4 -74.2,-42.0 -73.5,-39.9 -73.5,-39.2 -73.5,-38.5 -73.5,-37.1 -72.8,-35.7 -72.1,-33.6 -71.4,-32.2 -71.4,-30.8 -71.4,-30.1 -71.4,-28.7 -70.7,-27.3 -70.7,-25.9 -70.7,-23.8 -70.0,-21.7 -70.0,-19.6 -70.7,-18.2 -70.0,-18.2 -69.3,-17.5
180|Dem. Rep. Congo|29.4,-4.2 29.4,-5.6 29.4,-6.3 30.1,-7.0 30.8,-8.4 30.1,-8.4 28.7,-8.4 28.7,-9.1 28.7,-9.8 28.7,-10.5 28.7,-11.9 29.4,-12.6 29.4,-11.9 29.4,-13.3 28.7,-13.3 28.7,-12.6 28.0,-12.6 27.3,-11.9 26.6,-11.9 25.9,-11.9 25.2,-11.2 24.5,-11.2 23.8,-11.2 23.1,-11.2 22.4,-11.2 22.4,-9.8 21.7,-9.8 21.7,-9.1 21.7,-8.4 21.7,-7.7 21.7,-7.0 20.3,-7.0 19.6,-7.0 18.9,-7.7 18.2,-7.7 17.5,-8.4 16.8,-7.7 16.8,-7.0 16.8,-6.3 16.1,-5.6 13.3,-5.6 13.3,-6.3 12.6,-6.3 11.9,-5.6 12.6,-5.6 12.6,-4.9 13.3,-4.9 13.3,-4.2 14.0,-4.2 14.0,-4.9 14.7,-4.9 15.4,-4.2 16.1,-4.2 16.1,-3.5 16.1,-2.8 16.1,-1.4 16.8,-1.4 17.5,-0.7 17.5,0.0 17.5,0.7 18.2,1.4 18.2,2.1 18.2,2.8 18.2,3.5 18.2,4.2 18.9,4.9 19.6,4.9 20.3,4.9 21.0,4.2 21.7,4.2 22.4,4.2 22.4,4.9 23.1,4.9 24.5,4.9 25.2,4.9 25.9,5.6 26.6,4.9 27.3,4.9 28.0,4.2 28.7,4.2 29.4,4.2 29.4,4.9 30.1,4.2 30.8,3.5 30.8,2.1 31.5,2.1 30.8,2.1 30.8,1.4 30.1,1.4 30.1,0.7 30.1,0.0 29.4,-0.7 29.4,-1.4 29.4,-2.1 28.7,-2.8 29.4,-3.5 29.4,-4.2
706|Somalia|41.3,-1.4 41.3,-0.7 41.3,2.8 42.0,4.2 42.7,4.2 43.4,4.9 44.8,4.9 47.6,7.7 48.3,9.1 49.0,9.8 49.0,11.2 49.7,11.9 50.4,11.9 51.1,11.9 51.1,11.2 51.1,10.5 50.4,9.1 50.4,8.4 49.7,7.0 48.3,5.6 47.6,4.2 46.9,2.8 45.5,2.1 44.1,1.4 43.4,0.0 42.0,-0.7 42.0,-1.4 41.3,-1.4
404|Kenya|39.2,-4.9 37.8,-3.5 37.8,-2.8 34.3,-1.4 33.6,-0.7 33.6,0.0 34.3,0.7 35.0,1.4 35.0,2.1 34.3,2.8 34.3,3.5 34.3,4.2 34.3,4.9 35.0,5.6 35.7,5.6 35.7,4.9 36.4,4.2 37.1,4.2 37.8,3.5 38.5,3.5 39.2,3.5 39.9,3.5 40.6,4.2 41.3,4.2 42.0,4.2 41.3,2.8 41.3,-0.7 41.3,-1.4 40.6,-2.1 40.6,-2.8 39.9,-3.5 39.9,-4.2 39.2,-4.9
729|Sudan|24.5,8.4 23.8,8.4 23.8,9.1 23.1,9.1 23.8,9.8 23.1,10.5 23.1,11.2 22.4,11.9 22.4,12.6 21.7,12.6 21.7,13.3 22.4,13.3 22.4,14.0 22.4,14.7 23.1,15.4 23.8,15.4 23.8,19.6 23.8,20.3 25.2,20.3 25.2,21.7 28.7,21.7 32.9,21.7 37.1,21.7 37.1,21.0 37.1,19.6 37.8,18.9 37.8,18.2 38.5,18.2 37.8,17.5 37.1,17.5 37.1,16.8 37.1,16.1 36.4,14.7 36.4,13.3 35.7,12.6 35.0,11.9 35.0,11.2 34.3,10.5 34.3,9.8 34.3,8.4 34.3,9.8 33.6,9.8 33.6,10.5 32.9,10.5 32.9,11.2 32.9,11.9 32.2,11.9 32.2,11.2 32.2,10.5 31.5,9.8 30.8,9.8 30.1,10.5 29.4,9.8 28.7,9.8 28.7,9.1 28.0,9.1 28.0,9.8 27.3,9.8 26.6,9.8 25.9,9.8 25.9,10.5 25.2,10.5 24.5,9.8 24.5,9.1 24.5,8.4 23.8,8.4 24.5,8.4
148|Chad|23.8,19.6 23.8,15.4 23.1,15.4 22.4,14.7 22.4,14.0 22.4,13.3 21.7,13.3 21.7,12.6 22.4,12.6 22.4,11.9 23.1,11.2 22.4,11.2 21.7,10.5 21.0,9.8 20.3,9.1 18.9,9.1 18.9,8.4 18.2,8.4 18.2,7.7 16.8,7.7 16.1,7.7 15.4,7.7 15.4,8.4 14.7,9.1 14.0,9.8 14.7,9.8 15.4,9.8 14.7,11.2 14.7,11.9 14.7,12.6 14.7,13.3 14.0,13.3 14.0,14.0 13.3,14.7 14.0,15.4 15.4,16.8 15.4,18.2 15.4,20.3 16.1,20.3 15.4,21.0 14.7,23.1 16.1,23.1 19.6,21.7 23.8,19.6
332|Haiti|-71.4,19.6 -71.4,18.9 -72.1,18.9 -71.4,18.2 -72.1,18.2 -72.8,18.2 -73.5,18.2 -74.2,18.2 -74.2,18.9 -73.5,18.2 -72.8,18.2 -72.1,18.9 -72.8,18.9 -72.8,19.6 -73.5,19.6 -72.8,19.6 -71.4,19.6
214|Dominican Rep.|-71.4,18.2 -72.1,18.9 -71.4,18.9 -71.4,19.6 -70.7,19.6 -70.0,19.6 -69.3,19.6 -69.3,18.9 -68.6,18.9 -68.6,18.2 -69.3,18.2 -70.0,18.2 -70.7,18.2 -71.4,17.5 -71.4,18.2
643|Russia|93.8,81.2 95.9,81.2 98.0,80.5 100.1,79.8 100.1,79.1 98.0,79.1 95.2,79.1 93.1,79.1 92.4,79.8 91.0,80.5 93.8,81.2~102.9,79.1 105.7,78.4 105.0,78.4 99.4,77.7 101.5,79.1 102.2,79.1 102.9,79.1~138.6,76.3 141.4,76.3 144.9,75.6 144.2,74.9 140.7,74.9 139.3,74.9 137.2,75.6 138.6,76.3~148.4,75.6 150.5,74.9 149.8,74.9 147.7,74.9 146.3,74.9 146.3,75.6 148.4,75.6~44.8,80.5 46.9,80.5 48.3,80.5 49.0,80.5 49.7,81.2 51.8,80.5 51.1,80.5 49.7,80.5 49.0,80.5 47.6,79.8 46.2,80.5 46.9,80.5 44.8,80.5~22.4,54.6 21.0,54.6 19.6,54.6 21.0,55.3 22.4,55.3 23.1,54.6 22.4,54.6~53.2,73.5 56.0,74.9 55.3,74.9 58.1,75.6 60.9,76.3 64.4,76.3 66.5,77.0 67.9,77.0 68.6,76.3 67.9,76.3 64.4,75.6 61.6,75.6 58.8,74.2 56.7,73.5 55.3,72.1 55.3,71.4 57.4,70.7 56.7,70.7 53.9,70.7 53.2,71.4 51.8,71.4 51.8,72.1 52.5,72.1 52.5,72.8 54.6,73.5 53.2,73.5~142.8,53.9 143.5,52.5 143.5,51.8 143.5,50.4 144.9,49.0 143.5,49.0 142.8,47.6 143.5,46.9 143.5,46.2 142.8,46.9 142.1,46.2 142.1,46.9 142.1,47.6 142.1,49.0 142.1,49.7 142.1,51.1 141.4,51.8 141.4,53.2 142.8,53.9 142.1,53.9 142.8,54.6 142.8,53.9~130.9,42.0 130.9,42.7 131.6,44.1 130.9,44.8 131.6,45.5 133.0,44.8 133.7,46.2 134.4,46.9 134.4,47.6 135.1,48.3 133.7,48.3 132.3,47.6 130.9,47.6 130.9,49.0 129.5,49.7 127.4,49.7 127.4,50.4 126.7,51.1 126.7,51.8 126.0,52.5 125.3,53.2 123.9,53.2 122.5,53.2 121.1,53.2 120.4,52.5 120.4,51.8 119.0,50.4 117.6,49.7 116.9,49.7 115.5,49.7 114.8,50.4 114.1,50.4 112.7,49.7 111.3,49.7 110.6,49.0 109.2,49.0 108.5,49.0 107.8,49.7 107.1,50.4 105.7,50.4 104.3,50.4 103.6,50.4 102.2,50.4 102.2,51.1 100.8,51.8 100.1,51.8 98.7,51.8 98.0,51.1 98.0,50.4 97.3,49.7 95.9,49.7 94.5,49.7 93.8,50.4 93.1,50.4 92.4,51.1 91.0,50.4 88.9,49.7 87.5,49.0 86.8,49.7 85.4,49.7 85.4,50.4 84.7,50.4 84.0,51.1 83.3,51.1 81.9,51.1 80.5,51.1 79.8,51.1 77.7,53.2 76.3,53.9 77.0,54.6 74.2,53.2 73.5,53.2 73.5,53.9 72.1,54.6 71.4,53.9 70.7,55.3 69.3,55.3 67.9,55.3 65.8,54.6 65.1,54.6 61.6,53.9 60.9,53.9 61.6,53.2 60.9,52.5 60.2,51.8 61.6,51.1 60.2,51.1 59.5,50.4 58.1,51.1 56.7,51.1 56.0,50.4 54.6,51.1 52.5,51.8 51.1,51.8 49.0,50.4 48.3,49.7 47.6,50.4 46.9,49.7 46.9,49.0 46.2,48.3 47.6,47.6 48.3,47.6 49.0,46.9 48.3,46.9 49.0,46.2 48.3,45.5 47.6,45.5 46.9,44.8 47.6,43.4 47.6,42.7 48.3,42.0 48.3,41.3 47.6,41.3 46.9,42.0 46.2,42.0 45.5,42.0 45.5,42.7 44.8,42.7 44.1,42.7 42.7,43.4 40.6,43.4 39.9,43.4 38.5,44.1 37.8,44.8 36.4,45.5 37.1,45.5 38.5,46.2 37.8,46.9 39.2,46.9 39.2,47.6 38.5,46.9 38.5,47.6 39.9,47.6 39.9,48.3 39.9,49.0 39.9,49.7 38.5,49.7 37.8,49.7 37.1,50.4 36.4,50.4 35.7,50.4 35.7,51.1 35.0,51.1 34.3,51.1 34.3,51.8 33.6,52.5 32.9,52.5 32.2,52.5 32.2,51.8 31.5,51.8 31.5,52.5 31.5,53.2 32.2,53.2 32.9,53.2 32.2,53.9 31.5,53.9 30.8,54.6 30.8,55.3 30.1,56.0 29.4,56.0 28.0,56.0 28.0,56.7 28.0,57.4 27.3,57.4 28.0,58.1 27.3,58.8 28.0,59.5 29.4,60.2 28.0,60.2 30.1,61.6 30.8,62.3 31.5,63.0 30.1,63.7 30.1,64.4 29.4,65.1 30.1,65.8 29.4,67.2 30.1,67.9 28.7,68.6 28.7,69.3 29.4,69.3 30.8,69.3 32.2,70.0 33.6,69.3 36.4,69.3 40.6,67.9 41.3,67.2 41.3,66.5 39.9,66.5 38.5,65.8 33.6,66.5 32.9,66.5 35.0,65.8 35.0,65.1 35.0,64.4 36.4,64.4 37.1,63.7 37.1,64.4 36.4,65.1 37.1,65.1 39.9,64.4 40.6,65.1 39.9,65.8 42.0,66.5 42.7,66.5 44.1,65.8 44.8,66.5 43.4,67.2 44.1,67.9 43.4,68.6 46.2,67.9 46.9,67.9 45.5,67.9 45.5,67.2 46.2,66.5 47.6,67.2 48.3,67.2 50.4,67.9 53.9,68.6 54.6,68.6 53.2,67.9 54.6,67.9 55.3,68.6 57.4,68.6 58.8,68.6 60.2,68.6 60.9,68.6 60.2,69.3 60.9,70.0 63.7,69.3 65.1,69.3 68.6,67.9 69.3,68.6 67.9,69.3 67.2,69.3 67.2,70.0 66.5,70.7 68.6,72.1 69.3,72.8 70.0,72.8 72.8,72.8 72.8,72.1 72.1,71.4 72.8,71.4 72.8,70.7 72.8,69.3 73.5,68.6 73.5,67.9 71.4,66.5 72.1,66.5 72.8,66.5 74.2,66.5 74.2,67.2 74.9,67.9 74.2,68.6 74.9,69.3 73.5,69.3 74.2,70.7 72.8,71.4 74.9,72.1 74.9,72.8 75.6,72.1 75.6,71.4 76.3,71.4 75.6,72.1 77.7,72.1 79.8,72.1 81.2,71.4 80.5,72.8 80.5,73.5 81.9,74.2 84.7,73.5 86.8,74.2 86.1,74.2 87.5,74.9 88.2,74.9 90.3,75.6 93.1,75.6 93.1,76.3 95.9,76.3 96.6,75.6 98.7,76.3 100.8,76.3 100.8,77.0 102.2,77.0 104.3,77.7 106.4,77.7 105.0,77.0 107.1,77.0 107.1,76.3 108.5,77.0 111.3,77.0 113.4,76.3 114.1,75.6 112.7,74.9 109.9,74.2 109.2,74.2 110.6,74.2 112.0,73.5 112.7,74.2 113.4,73.5 114.1,73.5 115.5,73.5 119.0,73.5 119.0,72.8 123.2,72.8 123.2,73.5 125.3,73.5 126.7,73.5 128.8,72.8 128.8,72.1 129.5,71.4 131.6,70.7 132.3,72.1 133.7,71.4 135.8,71.4 137.2,71.4 137.9,71.4 140.0,71.4 139.3,72.1 140.7,72.8 149.8,72.1 150.5,71.4 153.3,70.7 156.8,70.7 158.9,70.7 159.6,70.7 159.6,70.0 161.0,69.3 162.4,69.3 163.8,70.0 165.9,69.3 168.0,69.3 169.4,68.6 170.8,69.3 170.1,70.0 170.8,70.0 173.6,70.0 175.7,70.0 178.5,69.3 -179.9,69.3 -177.8,67.9 -175.0,67.2 -175.0,66.5 -174.3,66.5 -174.3,67.2 -172.2,67.2 -170.1,65.8 -170.8,65.8 -172.2,65.1 -172.9,64.4 -173.6,64.4 -175.0,64.4 -175.7,65.1 -176.4,65.1 -177.1,65.8 -178.5,65.1 -179.2,65.8 -178.5,65.8 -179.9,65.8 -179.2,65.1 -179.9,65.1 179.9,65.1 178.5,64.4 177.1,64.4 178.5,64.4 179.2,63.0 179.2,62.3 177.1,62.3 174.3,61.6 173.6,61.6 172.2,60.9 170.8,60.2 170.1,60.2 168.7,60.9 166.6,59.5 165.9,60.2 165.2,59.5 163.8,60.2 163.1,59.5 161.7,58.1 162.4,58.1 163.1,57.4 163.1,56.0 162.4,56.0 161.7,55.3 162.4,54.6 160.3,54.6 160.3,53.2 158.2,53.2 158.2,51.8 156.8,51.1 156.1,51.8 156.1,53.2 155.4,55.3 156.1,56.7 156.8,57.4 156.8,58.1 158.2,58.1 160.3,59.5 161.7,60.2 163.8,60.9 164.5,62.3 163.1,62.3 162.4,61.6 160.3,60.2 159.6,61.6 156.8,61.6 154.0,59.5 154.7,58.8 152.6,58.8 151.2,58.8 151.2,59.5 149.8,59.5 148.4,59.5 145.6,59.5 142.1,58.8 139.3,57.4 135.1,54.6 136.5,54.6 137.2,53.9 137.9,53.9 138.6,54.6 140.0,53.9 141.4,53.2 141.4,52.5 140.7,51.1 140.7,49.7 140.0,48.3 138.6,46.9 137.9,46.2 137.2,44.8 135.8,44.1 135.1,43.4 133.7,42.7 133.0,42.7 132.3,43.4 130.9,42.7 130.9,42.0~-179.9,71.4 -179.2,71.4 -177.8,71.4 -178.5,70.7 -179.9,70.7 179.2,70.7 178.5,71.4 -179.9,71.4~33.6,46.2 34.3,46.2 35.0,46.2 35.0,45.5 35.7,45.5 36.4,45.5 36.4,44.8 35.0,44.8 33.6,44.1 33.6,44.8 32.2,45.5 32.9,45.5 33.6,46.2
238|Falkland Is.|-60.9,-51.8 -60.2,-51.1 -59.5,-51.8 -58.8,-51.1 -57.4,-51.8 -58.1,-51.8 -59.5,-52.5 -59.5,-51.8 -60.9,-52.5 -60.9,-51.8
578|Norway|15.4,79.8 16.8,79.8 18.2,79.8 21.7,79.1 18.9,78.4 18.2,77.7 17.5,77.7 16.8,77.0 16.1,77.0 14.0,77.7 14.7,77.7 13.3,77.7 11.2,79.1 10.5,79.8 13.3,79.8 14.0,79.8 15.4,79.8~30.8,69.3 29.4,69.3 28.7,69.3 28.7,70.0 28.0,70.0 25.9,70.0 25.9,69.3 24.5,68.6 23.8,68.6 22.4,68.6 21.0,69.3 20.3,69.3 19.6,68.6 18.2,68.6 17.5,67.9 16.8,67.9 16.1,67.2 15.4,66.5 13.3,65.1 14.0,64.4 13.3,63.7 12.6,64.4 11.9,63.0 11.9,61.6 12.6,61.6 12.6,60.2 11.2,59.5 11.2,58.8 10.5,59.5 8.4,58.1 7.0,58.1 5.6,58.8 5.6,59.5 4.9,62.3 5.6,62.3 8.4,63.7 10.5,64.4 12.6,65.8 14.7,67.9 16.1,68.6 18.9,70.0 21.7,70.0 23.1,70.0 24.5,70.7 26.6,70.7 28.0,71.4 31.5,70.7 30.1,70.0 30.8,69.3~27.3,79.8 25.9,79.8 23.1,79.1 20.3,79.8 19.6,79.8 18.2,79.8 17.5,80.5 20.3,80.5 21.7,80.5 23.1,80.5 25.2,80.5 27.3,79.8~24.5,77.7 22.4,77.7 21.0,77.7 21.7,77.7 21.0,78.4 23.1,78.4 24.5,77.7
304|Greenland|-46.9,82.6 -43.4,83.3 -39.9,83.3 -38.5,83.3 -35.0,83.3 -27.3,83.3 -21.0,82.6 -22.4,82.6 -26.6,82.6 -32.2,81.9 -31.5,81.9 -28.0,81.9 -24.5,81.9 -23.1,81.9 -22.4,81.9 -23.1,81.2 -20.3,81.2 -16.1,81.9 -12.6,81.9 -11.9,81.2 -16.1,80.5 -16.8,80.5 -20.3,80.5 -17.5,79.8 -18.9,79.1 -19.6,79.1 -19.6,77.7 -18.2,77.0 -20.3,77.0 -21.7,76.3 -19.6,76.3 -19.6,74.9 -21.0,74.9 -19.6,74.2 -21.7,74.2 -20.3,73.5 -21.0,73.5 -22.4,73.5 -23.8,73.5 -22.4,72.8 -22.4,72.1 -24.5,72.8 -24.5,72.1 -23.1,72.1 -22.4,71.4 -21.7,70.7 -23.8,70.7 -24.5,70.7 -25.2,71.4 -25.2,70.7 -26.6,70.0 -23.8,70.0 -22.4,70.0 -25.2,69.3 -28.0,68.6 -30.8,67.9 -31.5,67.9 -32.9,67.9 -34.3,66.5 -36.4,65.8 -37.1,65.8 -38.5,65.8 -39.9,65.8 -40.6,65.1 -40.6,64.4 -41.3,63.7 -42.7,63.0 -42.7,61.6 -42.7,60.9 -43.4,60.2 -44.8,60.2 -46.2,60.9 -48.3,60.9 -49.0,61.6 -49.7,62.3 -51.8,63.7 -51.8,64.4 -52.5,65.1 -53.9,65.8 -53.2,66.5 -53.9,67.2 -53.2,68.6 -51.8,68.6 -51.1,69.3 -51.1,70.0 -51.8,69.3 -52.5,69.3 -53.2,69.3 -54.6,69.3 -54.6,70.0 -54.6,70.7 -53.2,70.7 -51.1,70.7 -53.2,71.4 -53.9,71.4 -55.3,71.4 -56.0,71.4 -54.6,72.8 -55.3,72.8 -56.0,73.5 -57.4,74.9 -58.8,74.9 -58.8,75.6 -61.6,76.3 -63.7,76.3 -65.8,76.3 -68.6,76.3 -70.0,76.3 -71.4,77.0 -68.6,77.0 -66.5,77.7 -70.7,77.7 -73.5,77.7 -73.5,78.4 -69.3,79.1 -65.8,79.1 -65.1,79.8 -67.9,79.8 -67.2,80.5 -63.7,81.2 -62.3,81.2 -62.3,81.9 -60.2,81.9 -57.4,81.9 -53.9,81.9 -53.2,81.9 -50.4,82.6 -48.3,81.9 -46.9,81.9 -44.8,81.9 -46.9,81.9 -46.9,82.6
710|South Africa|16.1,-28.7 16.8,-28.0 17.5,-28.7 18.2,-28.7 18.9,-28.7 19.6,-28.7 19.6,-24.5 20.3,-25.2 21.0,-25.9 21.0,-26.6 21.7,-26.6 22.4,-26.6 22.4,-25.9 23.1,-25.2 23.8,-25.2 24.5,-25.9 25.2,-25.9 25.9,-25.2 25.9,-24.5 26.6,-24.5 27.3,-23.8 28.0,-23.1 29.4,-22.4 30.1,-22.4 30.8,-22.4 31.5,-22.4 31.5,-23.8 32.2,-24.5 31.5,-25.2 31.5,-25.9 30.8,-25.9 30.8,-26.6 31.5,-27.3 32.2,-27.3 32.2,-26.6 32.9,-26.6 32.9,-27.3 32.2,-28.0 32.2,-28.7 31.5,-29.4 30.8,-30.1 30.1,-30.8 28.7,-32.2 28.0,-32.9 27.3,-32.9 26.6,-33.6 25.9,-33.6 25.2,-33.6 24.5,-34.3 23.8,-33.6 23.1,-33.6 22.4,-33.6 21.7,-34.3 21.0,-34.3 20.3,-35.0 19.6,-35.0 18.9,-34.3 18.2,-34.3 18.2,-33.6 18.2,-32.9 18.2,-32.2 18.2,-31.5 17.5,-30.8 16.8,-30.1 16.1,-28.7
426|Lesotho|28.7,-28.7 29.4,-29.4 28.7,-29.4 28.7,-30.1 28.0,-30.1 28.0,-30.8 27.3,-30.1 27.3,-29.4 28.0,-28.7 28.7,-28.7
484|Mexico|-116.9,32.2 -116.2,32.9 -114.8,32.9 -114.8,32.2 -113.4,32.2 -111.3,31.5 -109.2,31.5 -108.5,31.5 -106.4,31.5 -105.7,30.8 -105.0,30.8 -105.0,30.1 -104.3,29.4 -103.6,29.4 -102.9,28.7 -102.2,30.1 -101.5,30.1 -100.8,29.4 -100.8,28.7 -100.1,28.0 -99.4,27.3 -99.4,26.6 -98.7,26.6 -98.0,25.9 -97.3,25.9 -97.3,25.2 -98.0,24.5 -98.0,23.1 -98.0,22.4 -98.0,21.7 -97.3,21.7 -97.3,20.3 -96.6,19.6 -95.9,18.9 -94.5,18.9 -94.5,18.2 -93.8,18.2 -93.1,18.2 -91.7,18.9 -91.0,19.6 -90.3,19.6 -90.3,21.0 -89.6,21.0 -88.2,21.7 -87.5,21.7 -86.8,21.7 -86.8,21.0 -87.5,20.3 -87.5,19.6 -87.5,18.9 -87.5,18.2 -88.2,18.2 -88.9,18.2 -88.9,17.5 -90.3,17.5 -91.0,17.5 -91.7,17.5 -91.0,16.8 -90.3,16.8 -90.3,16.1 -91.7,16.1 -92.4,15.4 -92.4,14.7 -93.1,15.4 -93.8,16.1 -94.5,16.1 -95.2,16.1 -95.9,16.1 -96.6,15.4 -97.3,16.1 -98.0,16.1 -98.7,16.8 -99.4,16.8 -100.8,17.5 -101.5,17.5 -102.2,18.2 -103.6,18.2 -103.6,18.9 -105.0,19.6 -105.7,19.6 -105.7,20.3 -105.7,21.0 -105.0,21.0 -105.0,21.7 -105.7,21.7 -105.7,22.4 -105.7,23.1 -107.1,23.8 -107.8,24.5 -108.5,25.2 -109.2,25.9 -109.2,26.6 -109.9,26.6 -110.6,27.3 -110.6,28.0 -111.3,28.0 -112.0,28.7 -112.0,29.4 -112.7,30.1 -113.4,30.8 -113.4,31.5 -114.1,31.5 -114.8,31.5 -114.8,30.8 -114.8,30.1 -114.1,30.1 -113.4,29.4 -113.4,28.7 -112.7,28.7 -112.7,28.0 -112.7,27.3 -112.0,27.3 -111.3,26.6 -111.3,25.9 -111.3,25.2 -110.6,24.5 -109.9,24.5 -109.9,23.8 -109.2,23.1 -109.9,23.1 -110.6,23.1 -110.6,23.8 -112.0,24.5 -112.0,25.2 -112.0,25.9 -112.7,26.6 -113.4,26.6 -114.1,26.6 -114.8,27.3 -114.8,28.0 -114.1,28.0 -114.1,28.7 -114.8,29.4 -115.5,29.4 -116.2,30.1 -116.2,30.8 -116.9,31.5 -116.9,32.2
858|Uruguay|-57.4,-30.1 -56.7,-30.1 -56.0,-30.8 -55.3,-30.8 -54.6,-31.5 -53.9,-32.2 -53.2,-32.9 -53.9,-32.9 -53.2,-33.6 -53.9,-34.3 -54.6,-35.0 -56.0,-35.0 -57.4,-34.3 -58.1,-34.3 -58.1,-33.6 -58.1,-32.9 -58.1,-32.2 -58.1,-30.8 -57.4,-30.1
76|Brazil|-53.2,-33.6 -53.9,-32.9 -53.2,-32.9 -53.9,-32.2 -54.6,-31.5 -55.3,-30.8 -56.0,-30.8 -56.7,-30.1 -57.4,-30.1 -56.0,-28.7 -55.3,-28.0 -54.6,-27.3 -53.9,-26.6 -53.9,-25.9 -53.9,-25.2 -54.6,-25.9 -54.6,-25.2 -54.6,-24.5 -54.6,-23.8 -55.3,-23.8 -55.3,-22.4 -56.0,-22.4 -56.7,-22.4 -58.1,-22.4 -58.1,-21.0 -58.1,-20.3 -58.1,-19.6 -57.4,-18.9 -57.4,-18.2 -57.4,-17.5 -58.1,-17.5 -58.1,-16.8 -58.1,-16.1 -60.2,-16.1 -60.2,-15.4 -60.2,-14.7 -60.2,-14.0 -60.9,-13.3 -61.6,-13.3 -62.3,-13.3 -63.0,-13.3 -63.0,-12.6 -64.4,-12.6 -65.1,-11.9 -65.1,-11.2 -65.1,-10.5 -65.1,-9.8 -66.5,-9.8 -67.2,-10.5 -67.9,-10.5 -68.6,-11.2 -69.3,-11.2 -70.0,-11.2 -70.7,-11.2 -70.7,-9.8 -71.4,-9.8 -72.1,-9.8 -72.8,-9.8 -73.5,-9.8 -72.8,-9.1 -73.5,-8.4 -74.2,-7.7 -73.5,-7.0 -72.8,-6.3 -73.5,-6.3 -72.8,-5.6 -71.4,-4.9 -70.7,-4.2 -70.0,-4.2 -69.3,-1.4 -69.3,-0.7 -70.0,0.0 -70.0,0.7 -69.3,0.7 -70.0,1.4 -67.9,1.4 -67.2,2.1 -67.2,1.4 -66.5,0.7 -65.8,0.7 -65.1,1.4 -64.4,1.4 -64.4,2.1 -63.7,2.1 -64.4,2.8 -64.4,3.5 -65.1,4.2 -64.4,4.2 -63.7,4.2 -63.0,3.5 -63.0,4.2 -62.3,4.2 -60.9,4.2 -60.9,4.9 -60.2,4.9 -59.5,4.2 -59.5,3.5 -60.2,2.8 -59.5,2.1 -58.8,1.4 -58.1,1.4 -57.4,1.4 -57.4,2.1 -56.7,2.1 -56.0,2.1 -56.0,2.8 -55.3,2.1 -55.3,2.8 -54.6,2.1 -53.9,2.1 -53.2,2.1 -52.5,2.8 -52.5,3.5 -51.8,4.2 -51.1,4.2 -51.1,3.5 -50.4,2.1 -49.7,1.4 -49.7,0.7 -50.4,0.0 -48.3,0.0 -48.3,-1.4 -47.6,-0.7 -46.9,-0.7 -44.8,-1.4 -44.1,-2.1 -44.8,-2.8 -43.4,-2.1 -41.3,-2.8 -39.9,-2.8 -38.5,-3.5 -37.1,-4.9 -36.4,-4.9 -35.7,-4.9 -35.0,-5.6 -35.0,-7.0 -35.0,-9.1 -35.7,-9.8 -37.1,-11.2 -37.8,-11.9 -38.5,-13.3 -39.2,-14.0 -39.2,-15.4 -39.2,-17.5 -39.2,-18.2 -39.9,-18.2 -39.9,-19.6 -40.6,-21.0 -40.6,-21.7 -42.0,-22.4 -42.0,-23.1 -43.4,-23.1 -44.8,-23.1 -45.5,-23.8 -46.2,-23.8 -47.6,-25.2 -48.3,-25.9 -48.3,-26.6 -48.3,-27.3 -49.0,-28.0 -49.0,-28.7 -49.7,-29.4 -50.4,-30.8 -51.8,-31.5 -52.5,-32.2 -52.5,-32.9 -53.2,-33.6
68|Bolivia|-69.3,-11.2 -68.6,-11.2 -67.9,-10.5 -67.2,-10.5 -66.5,-9.8 -65.1,-9.8 -65.1,-10.5 -65.1,-11.2 -65.1,-11.9 -64.4,-12.6 -63.0,-12.6 -63.0,-13.3 -62.3,-13.3 -61.6,-13.3 -60.9,-13.3 -60.2,-14.0 -60.2,-14.7 -60.2,-15.4 -60.2,-16.1 -58.1,-16.1 -58.1,-16.8 -58.1,-17.5 -57.4,-17.5 -57.4,-18.2 -57.4,-18.9 -58.1,-19.6 -58.1,-20.3 -58.1,-19.6 -58.8,-19.6 -60.2,-19.6 -61.6,-19.6 -62.3,-20.3 -62.3,-21.0 -63.0,-22.4 -63.0,-21.7 -63.7,-21.7 -64.4,-23.1 -65.1,-22.4 -66.5,-21.7 -67.2,-22.4 -67.9,-23.1 -67.9,-21.7 -68.6,-20.3 -68.6,-19.6 -69.3,-18.9 -69.3,-18.2 -69.3,-17.5 -69.3,-16.8 -69.3,-15.4 -69.3,-14.7 -68.6,-14.7 -68.6,-13.3 -68.6,-12.6 -69.3,-11.2
604|Peru|-70.0,-4.2 -70.7,-4.2 -71.4,-4.9 -72.8,-5.6 -73.5,-6.3 -72.8,-6.3 -73.5,-7.0 -74.2,-7.7 -73.5,-8.4 -72.8,-9.1 -73.5,-9.8 -72.8,-9.8 -72.1,-9.8 -71.4,-9.8 -70.7,-9.8 -70.7,-11.2 -70.0,-11.2 -69.3,-11.2 -68.6,-12.6 -68.6,-13.3 -68.6,-14.7 -69.3,-14.7 -69.3,-15.4 -69.3,-16.8 -69.3,-17.5 -70.0,-18.2 -70.7,-18.2 -71.4,-17.5 -73.5,-16.1 -74.9,-15.4 -76.3,-14.7 -76.3,-14.0 -76.3,-13.3 -77.0,-11.9 -78.4,-10.5 -79.1,-8.4 -79.1,-7.7 -79.8,-7.0 -80.5,-6.3 -81.2,-6.3 -81.2,-5.6 -81.2,-4.9 -81.2,-4.2 -80.5,-3.5 -80.5,-4.2 -79.8,-4.2 -79.1,-4.9 -78.4,-4.2 -77.7,-2.8 -76.3,-2.8 -75.6,-1.4 -74.9,-0.7 -75.6,0.0 -74.9,0.0 -74.2,-0.7 -73.5,-1.4 -72.8,-2.1 -72.1,-2.1 -71.4,-2.1 -70.7,-2.1 -70.0,-2.8 -70.7,-3.5 -70.0,-4.2
170|Colombia|-67.2,1.4 -67.2,2.1 -67.9,1.4 -70.0,1.4 -69.3,0.7 -70.0,0.7 -70.0,0.0 -69.3,-0.7 -69.3,-1.4 -70.0,-4.2 -70.7,-3.5 -70.0,-2.8 -70.7,-2.1 -71.4,-2.1 -72.1,-2.1 -72.8,-2.1 -73.5,-1.4 -74.2,-0.7 -74.9,0.0 -75.6,0.0 -76.3,0.7 -76.3,0.0 -77.7,0.7 -79.1,1.4 -78.4,2.1 -78.4,2.8 -77.7,2.8 -77.7,3.5 -77.0,3.5 -77.7,4.2 -77.0,4.9 -77.7,5.6 -77.0,5.6 -77.7,7.0 -77.7,7.7 -77.0,7.7 -77.7,8.4 -77.0,8.4 -76.3,9.1 -75.6,9.1 -75.6,9.8 -75.6,10.5 -74.9,11.2 -74.2,11.2 -73.5,11.2 -72.8,11.9 -72.1,11.9 -72.1,12.6 -71.4,12.6 -71.4,11.9 -72.1,11.9 -72.1,11.2 -72.8,10.5 -72.8,9.8 -73.5,9.1 -72.8,9.1 -72.8,8.4 -72.1,8.4 -72.1,7.7 -72.8,7.7 -72.1,7.7 -72.1,7.0 -70.7,7.0 -70.0,7.0 -69.3,6.3 -68.6,6.3 -67.9,6.3 -67.2,6.3 -67.2,5.6 -67.9,4.9 -67.9,4.2 -67.9,3.5 -67.2,3.5 -67.9,2.8 -67.2,2.8 -67.2,2.1 -67.2,1.4
591|Panama|-77.7,8.4 -77.0,7.7 -77.7,7.7 -77.7,7.0 -78.4,7.7 -78.4,8.4 -79.1,9.1 -79.8,9.1 -79.8,8.4 -80.5,8.4 -79.8,7.7 -80.5,7.7 -80.5,7.0 -81.2,7.0 -81.2,7.7 -81.9,8.4 -82.6,8.4 -83.3,8.4 -82.6,8.4 -82.6,9.1 -82.6,9.8 -81.9,9.1 -81.2,9.1 -80.5,9.1 -79.8,9.1 -79.8,9.8 -79.1,9.8 -78.4,9.1 -77.7,9.1 -77.7,8.4
188|Costa Rica|-82.6,9.8 -82.6,9.1 -82.6,8.4 -83.3,8.4 -84.0,8.4 -83.3,9.1 -84.0,9.1 -84.0,9.8 -84.7,9.8 -85.4,9.8 -86.1,9.8 -86.1,10.5 -85.4,10.5 -86.1,11.2 -85.4,11.2 -84.7,11.2 -84.0,10.5 -84.0,11.2 -83.3,10.5 -83.3,9.8 -82.6,9.8
558|Nicaragua|-84.0,11.2 -84.0,10.5 -84.7,11.2 -85.4,11.2 -86.1,11.2 -86.8,11.9 -87.5,12.6 -87.5,13.3 -87.5,12.6 -87.5,13.3 -86.8,13.3 -86.8,14.0 -86.1,14.0 -85.4,14.0 -85.4,14.7 -84.7,14.7 -84.0,14.7 -83.3,14.7 -83.3,14.0 -83.3,13.3 -83.3,12.6 -84.0,11.9 -84.0,11.2
340|Honduras|-83.3,14.7 -84.0,14.7 -84.7,14.7 -85.4,14.7 -85.4,14.0 -86.1,14.0 -86.8,14.0 -86.8,13.3 -87.5,13.3 -87.5,14.0 -88.2,14.0 -88.9,14.0 -89.6,14.7 -88.9,14.7 -88.9,15.4 -88.2,15.4 -88.2,16.1 -87.5,16.1 -86.8,16.1 -86.1,16.1 -85.4,16.1 -84.7,16.1 -84.0,15.4 -83.3,15.4 -83.3,14.7
320|Guatemala|-92.4,14.7 -92.4,15.4 -91.7,16.1 -90.3,16.1 -90.3,16.8 -91.0,16.8 -91.7,17.5 -91.0,17.5 -90.3,17.5 -88.9,17.5 -88.9,16.8 -88.9,16.1 -88.9,15.4 -88.2,16.1 -88.2,15.4 -88.9,15.4 -88.9,14.7 -89.6,14.7 -89.6,14.0 -90.3,14.0 -91.0,14.0 -91.7,14.0 -92.4,14.7
862|Venezuela|-60.9,4.9 -60.9,4.2 -62.3,4.2 -63.0,4.2 -63.0,3.5 -63.7,4.2 -64.4,4.2 -65.1,4.2 -64.4,3.5 -64.4,2.8 -63.7,2.1 -64.4,2.1 -64.4,1.4 -65.1,1.4 -65.8,0.7 -66.5,0.7 -67.2,1.4 -67.2,2.1 -67.2,2.8 -67.9,2.8 -67.2,3.5 -67.9,3.5 -67.9,4.2 -67.9,4.9 -67.2,5.6 -67.2,6.3 -67.9,6.3 -68.6,6.3 -69.3,6.3 -70.0,7.0 -70.7,7.0 -72.1,7.0 -72.1,7.7 -72.8,7.7 -72.1,7.7 -72.1,8.4 -72.8,8.4 -72.8,9.1 -73.5,9.1 -72.8,9.8 -72.8,10.5 -72.1,11.2 -72.1,11.9 -71.4,11.9 -71.4,11.2 -72.1,11.2 -71.4,11.2 -71.4,10.5 -72.1,9.8 -71.4,9.1 -70.7,9.8 -71.4,10.5 -71.4,11.2 -70.0,11.2 -70.0,11.9 -69.3,11.2 -68.6,11.2 -67.9,11.2 -67.9,10.5 -67.2,10.5 -66.5,10.5 -65.8,10.5 -65.1,9.8 -64.4,10.5 -63.0,10.5 -61.6,10.5 -63.0,10.5 -62.3,9.8 -61.6,9.8 -60.9,9.1 -60.9,8.4 -60.2,8.4 -59.5,8.4 -60.9,7.7 -60.2,7.0 -60.9,7.0 -60.9,6.3 -61.6,6.3 -60.9,4.9
328|Guyana|-56.7,2.1 -57.4,2.1 -57.4,1.4 -58.1,1.4 -58.8,1.4 -59.5,2.1 -60.2,2.8 -59.5,3.5 -59.5,4.2 -60.2,4.9 -60.9,4.9 -61.6,6.3 -60.9,6.3 -60.9,7.0 -60.2,7.0 -60.9,7.7 -59.5,8.4 -58.8,7.7 -58.8,7.0 -58.1,7.0 -57.4,6.3 -57.4,4.9 -58.1,4.9 -58.1,4.2 -57.4,3.5 -57.4,2.8 -56.7,2.1
740|Suriname|-54.6,2.1 -55.3,2.8 -55.3,2.1 -56.0,2.8 -56.0,2.1 -56.7,2.1 -57.4,2.8 -57.4,3.5 -58.1,4.2 -58.1,4.9 -57.4,4.9 -57.4,6.3 -56.0,5.6 -56.0,6.3 -55.3,6.3 -53.9,5.6 -54.6,4.9 -54.6,4.2 -53.9,3.5 -54.6,2.8 -54.6,2.1
250|France|-51.8,4.2 -52.5,3.5 -52.5,2.8 -53.2,2.1 -53.9,2.1 -54.6,2.1 -54.6,2.8 -53.9,3.5 -54.6,4.2 -54.6,4.9 -53.9,5.6 -53.2,5.6 -51.8,4.9 -51.8,4.2~6.3,49.7 7.0,49.0 8.4,49.0 7.7,48.3 7.7,47.6 7.0,47.6 6.3,46.9 6.3,46.2 7.0,46.2 7.0,45.5 7.0,44.8 7.0,44.1 7.7,44.1 7.7,43.4 6.3,43.4 4.9,43.4 2.8,43.4 2.8,42.7 2.1,42.0 0.7,42.7 0.0,42.7 -1.4,42.7 -2.1,43.4 -1.4,44.1 -1.4,46.2 -2.1,46.9 -2.8,47.6 -4.2,48.3 -4.9,49.0 -3.5,49.0 -1.4,48.3 -2.1,49.7 -0.7,49.0 1.4,50.4 1.4,51.1 2.8,51.1 3.5,50.4 4.2,49.7 4.9,49.7 5.6,49.7 6.3,49.7
218|Ecuador|-75.6,0.0 -74.9,-0.7 -75.6,-1.4 -76.3,-2.8 -77.7,-2.8 -78.4,-4.2 -79.1,-4.9 -79.8,-4.2 -80.5,-4.2 -80.5,-3.5 -79.8,-2.8 -79.8,-2.1 -80.5,-2.8 -81.2,-2.1 -80.5,-2.1 -81.2,-1.4 -80.5,-0.7 -80.5,0.0 -79.8,0.7 -79.1,1.4 -77.7,0.7 -76.3,0.0 -76.3,0.7 -75.6,0.0
192|Cuba|-82.6,23.1 -81.2,23.1 -80.5,23.1 -79.8,23.1 -79.1,22.4 -78.4,22.4 -77.7,22.4 -77.0,21.7 -76.3,21.0 -75.6,21.0 -74.9,21.0 -74.2,20.3 -74.9,19.6 -75.6,19.6 -76.3,20.3 -77.7,19.6 -77.0,20.3 -77.7,21.0 -78.4,21.0 -78.4,21.7 -79.1,21.7 -80.5,21.7 -81.9,22.4 -82.6,22.4 -83.3,22.4 -84.0,22.4 -84.0,21.7 -84.7,21.7 -84.7,22.4 -84.0,22.4 -84.0,23.1 -83.3,23.1 -82.6,23.1
716|Zimbabwe|31.5,-22.4 30.8,-22.4 30.1,-22.4 29.4,-22.4 28.7,-21.7 28.0,-21.7 28.0,-21.0 28.0,-20.3 27.3,-20.3 25.9,-19.6 25.9,-18.9 25.9,-18.2 25.2,-17.5 26.6,-17.5 26.6,-18.2 27.3,-18.2 27.3,-17.5 28.7,-16.8 28.7,-16.1 29.4,-15.4 30.1,-15.4 30.1,-16.1 31.5,-16.1 32.2,-16.1 32.9,-16.8 32.9,-18.2 32.9,-18.9 32.9,-19.6 32.9,-20.3 32.2,-20.3 32.2,-21.0 31.5,-22.4
72|Botswana|29.4,-22.4 28.0,-23.1 27.3,-23.8 26.6,-24.5 25.9,-24.5 25.9,-25.2 25.2,-25.9 24.5,-25.9 23.8,-25.2 23.1,-25.2 22.4,-25.9 22.4,-26.6 21.7,-26.6 21.0,-26.6 21.0,-25.9 20.3,-25.2 19.6,-24.5 19.6,-21.7 21.0,-21.7 21.0,-18.2 21.7,-18.2 23.1,-18.2 23.8,-18.2 24.5,-18.2 25.2,-17.5 25.9,-18.2 25.9,-18.9 25.9,-19.6 27.3,-20.3 28.0,-20.3 28.0,-21.0 28.0,-21.7 28.7,-21.7 29.4,-22.4
516|Namibia|19.6,-24.5 19.6,-28.7 18.9,-28.7 18.2,-28.7 17.5,-28.7 16.8,-28.0 16.1,-28.7 15.4,-28.0 15.4,-27.3 14.7,-25.9 14.7,-25.2 14.7,-23.8 14.7,-22.4 14.0,-22.4 14.0,-21.7 13.3,-21.0 12.6,-19.6 12.6,-18.9 11.9,-18.2 11.9,-17.5 11.9,-16.8 12.6,-16.8 13.3,-16.8 14.0,-17.5 18.2,-17.5 18.9,-17.5 21.7,-18.2 23.1,-17.5 23.8,-17.5 24.5,-17.5 25.2,-17.5 24.5,-18.2 23.8,-18.2 23.1,-18.2 21.7,-18.2 21.0,-18.2 21.0,-21.7 19.6,-21.7 19.6,-24.5
686|Senegal|-16.8,13.3 -16.8,14.7 -17.5,14.7 -16.8,15.4 -16.8,16.1 -16.1,16.8 -15.4,16.1 -15.4,16.8 -14.7,16.8 -14.0,16.1 -13.3,16.1 -12.6,15.4 -11.9,14.7 -11.9,14.0 -11.9,13.3 -11.2,12.6 -11.9,12.6 -12.6,12.6 -13.3,12.6 -14.0,12.6 -15.4,12.6 -16.1,12.6 -16.8,12.6 -16.8,13.3 -16.1,13.3 -15.4,13.3 -14.7,13.3 -14.0,13.3 -14.0,14.0 -14.7,13.3 -15.4,14.0 -15.4,13.3 -16.8,13.3
466|Mali|-11.2,12.6 -11.9,13.3 -11.9,14.0 -11.9,14.7 -11.9,15.4 -11.2,15.4 -10.5,15.4 -9.8,15.4 -5.6,15.4 -5.6,16.1 -6.3,20.3 -6.3,25.2 -4.9,25.2 -1.4,23.1 2.1,20.3 2.8,19.6 3.5,18.9 4.2,18.9 4.2,16.8 3.5,16.1 3.5,15.4 2.8,15.4 1.4,15.4 0.7,14.7 0.0,14.7 -0.7,15.4 -1.4,14.7 -2.1,14.7 -2.1,14.0 -2.8,14.0 -2.8,13.3 -3.5,13.3 -4.2,13.3 -4.2,12.6 -4.9,11.9 -4.9,11.2 -5.6,11.2 -5.6,10.5 -6.3,9.8 -6.3,10.5 -7.0,10.5 -7.0,9.8 -7.7,9.8 -7.7,10.5 -8.4,10.5 -8.4,11.2 -8.4,10.5 -8.4,11.2 -9.1,11.9 -9.1,12.6 -9.8,11.9 -10.5,11.9 -11.2,11.9 -11.2,12.6
478|Mauritania|-16.8,21.0 -12.6,21.0 -13.3,23.1 -12.6,23.1 -11.9,23.1 -11.9,25.9 -8.4,25.9 -8.4,27.3 -4.9,25.2 -6.3,25.2 -6.3,20.3 -5.6,16.1 -5.6,15.4 -9.8,15.4 -10.5,15.4 -11.2,15.4 -11.9,15.4 -11.9,14.7 -12.6,15.4 -13.3,16.1 -14.0,16.1 -14.7,16.8 -15.4,16.8 -15.4,16.1 -16.1,16.8 -16.8,16.1 -16.8,16.8 -16.1,17.5 -16.1,18.2 -16.1,18.9 -16.1,19.6 -16.1,20.3 -16.8,20.3 -16.8,21.0
204|Benin|2.8,6.3 2.1,6.3 1.4,7.0 1.4,9.1 1.4,9.8 1.4,10.5 0.7,10.5 0.7,11.2 1.4,11.2 2.1,11.9 2.8,11.9 3.5,11.9 3.5,11.2 3.5,10.5 3.5,9.8 3.5,9.1 2.8,9.1 2.8,8.4 2.8,7.7 2.8,6.3
562|Niger|14.7,23.1 15.4,21.0 16.1,20.3 15.4,20.3 15.4,18.2 15.4,16.8 14.0,15.4 13.3,14.7 14.0,14.0 14.0,13.3 14.7,13.3 14.7,12.6 14.0,12.6 13.3,13.3 12.6,13.3 11.2,13.3 10.5,13.3 9.8,13.3 9.8,12.6 9.1,12.6 7.7,13.3 7.0,13.3 6.3,13.3 5.6,14.0 4.2,14.0 4.2,13.3 3.5,12.6 3.5,11.9 2.8,11.9 2.1,11.9 2.1,12.6 0.7,12.6 0.7,13.3 0.7,14.0 0.0,14.7 0.7,14.7 1.4,15.4 2.8,15.4 3.5,15.4 3.5,16.1 4.2,16.8 4.2,18.9 5.6,19.6 8.4,21.7 11.9,23.8 13.3,23.1 14.0,22.4 14.7,23.1
566|Nigeria|2.8,6.3 2.8,7.7 2.8,8.4 2.8,9.1 3.5,9.1 3.5,9.8 3.5,10.5 3.5,11.2 3.5,11.9 3.5,12.6 4.2,13.3 4.2,14.0 5.6,14.0 6.3,13.3 7.0,13.3 7.7,13.3 9.1,12.6 9.8,12.6 9.8,13.3 10.5,13.3 11.2,13.3 12.6,13.3 13.3,13.3 14.0,12.6 14.7,11.9 13.3,10.5 13.3,9.8 13.3,9.1 12.6,8.4 11.9,8.4 11.9,7.7 11.9,7.0 11.2,6.3 10.5,7.0 9.8,7.0 9.8,6.3 9.1,6.3 9.1,5.6 8.4,4.9 7.7,4.2 7.0,4.2 5.6,4.2 5.6,4.9 4.9,5.6 4.2,6.3 3.5,6.3 2.8,6.3
120|Cameroon|14.7,12.6 14.7,11.9 14.7,11.2 15.4,9.8 14.7,9.8 14.0,9.8 14.7,9.1 15.4,8.4 15.4,7.7 14.7,6.3 14.7,5.6 14.7,4.9 14.7,4.2 15.4,3.5 16.1,2.8 16.1,2.1 16.1,1.4 15.4,2.1 14.0,2.1 13.3,2.1 12.6,2.1 11.9,2.1 11.2,2.1 9.8,2.1 9.8,2.8 9.1,3.5 9.1,4.2 8.4,4.2 8.4,4.9 9.1,5.6 9.1,6.3 9.8,6.3 9.8,7.0 10.5,7.0 11.2,6.3 11.9,7.0 11.9,7.7 11.9,8.4 12.6,8.4 13.3,9.1 13.3,9.8 13.3,10.5 14.7,11.9 14.0,12.6 14.7,12.6
768|Togo|0.7,11.2 0.7,10.5 1.4,10.5 1.4,9.8 1.4,9.1 1.4,7.0 2.1,6.3 1.4,5.6 0.7,6.3 0.7,7.0 0.7,7.7 0.7,8.4 0.7,9.8 0.7,10.5 0.0,10.5 0.0,11.2 0.7,11.2
288|Ghana|0.0,11.2 0.0,10.5 0.7,10.5 0.7,9.8 0.7,8.4 0.7,7.7 0.7,7.0 0.7,6.3 1.4,5.6 -0.7,5.6 -1.4,4.9 -2.1,4.9 -2.8,4.9 -2.8,5.6 -3.5,6.3 -2.8,7.7 -2.8,8.4 -2.8,9.8 -2.8,10.5 -2.8,11.2 -1.4,11.2 -0.7,11.2 0.0,11.2
384|Côte d'Ivoire|-7.7,10.5 -7.7,9.8 -7.0,9.8 -7.0,10.5 -6.3,10.5 -6.3,9.8 -5.6,10.5 -4.9,10.5 -4.9,9.8 -4.2,9.8 -3.5,9.8 -2.8,9.8 -2.8,8.4 -2.8,7.7 -3.5,6.3 -2.8,5.6 -2.8,4.9 -3.5,4.9 -4.2,4.9 -4.9,4.9 -5.6,4.9 -6.3,4.9 -7.7,4.2 -7.7,4.9 -7.7,5.6 -7.7,6.3 -8.4,6.3 -8.4,7.0 -8.4,7.7 -8.4,8.4 -7.7,8.4 -8.4,9.1 -8.4,9.8 -7.7,10.5
324|Guinea|-14.0,12.6 -13.3,12.6 -12.6,12.6 -11.9,12.6 -11.2,12.6 -11.2,11.9 -10.5,11.9 -9.8,11.9 -9.1,12.6 -9.1,11.9 -8.4,11.2 -8.4,10.5 -8.4,11.2 -8.4,10.5 -7.7,10.5 -8.4,9.8 -8.4,9.1 -7.7,8.4 -8.4,8.4 -8.4,7.7 -9.1,7.0 -9.1,7.7 -9.8,8.4 -10.5,8.4 -10.5,9.1 -10.5,9.8 -11.2,9.8 -11.9,9.8 -12.6,9.8 -12.6,9.1 -13.3,9.1 -14.0,9.8 -14.7,10.5 -14.7,11.2 -15.4,11.2 -14.7,11.2 -14.0,11.9 -14.0,12.6
624|Guinea-Bissau|-16.8,12.6 -16.1,12.6 -15.4,12.6 -14.0,12.6 -14.0,11.9 -14.7,11.2 -15.4,11.2 -16.1,11.2 -16.1,11.9 -16.8,11.9 -16.8,12.6
430|Liberia|-8.4,7.7 -8.4,7.0 -8.4,6.3 -7.7,6.3 -7.7,5.6 -7.7,4.9 -7.7,4.2 -9.1,4.9 -9.8,5.6 -10.5,6.3 -11.2,7.0 -11.2,7.7 -10.5,7.7 -10.5,8.4 -9.8,8.4 -9.1,7.7 -9.1,7.0 -8.4,7.7
694|Sierra Leone|-13.3,9.1 -12.6,9.1 -12.6,9.8 -11.9,9.8 -11.2,9.8 -10.5,9.8 -10.5,9.1 -10.5,8.4 -10.5,7.7 -11.2,7.7 -11.2,7.0 -11.9,7.0 -12.6,7.0 -12.6,7.7 -13.3,8.4 -13.3,9.1
854|Burkina Faso|-5.6,10.5 -5.6,11.2 -4.9,11.2 -4.9,11.9 -4.2,12.6 -4.2,13.3 -3.5,13.3 -2.8,13.3 -2.8,14.0 -2.1,14.0 -2.1,14.7 -1.4,14.7 -0.7,15.4 0.0,14.7 0.7,14.7 0.0,14.7 0.7,14.0 0.7,13.3 0.7,12.6 2.1,12.6 2.1,11.9 1.4,11.2 0.7,11.2 0.0,11.2 -0.7,11.2 -1.4,11.2 -2.8,11.2 -2.8,10.5 -2.8,9.8 -3.5,9.8 -4.2,9.8 -4.9,9.8 -4.9,10.5 -5.6,10.5
140|Central African Rep.|27.3,4.9 26.6,4.9 25.9,5.6 25.2,4.9 24.5,4.9 23.1,4.9 22.4,4.9 22.4,4.2 21.7,4.2 21.0,4.2 20.3,4.9 19.6,4.9 18.9,4.9 18.2,4.2 18.2,3.5 17.5,3.5 16.8,3.5 16.1,2.1 16.1,2.8 15.4,3.5 14.7,4.2 14.7,4.9 14.7,5.6 14.7,6.3 15.4,7.7 16.1,7.7 16.8,7.7 18.2,7.7 18.2,8.4 18.9,8.4 18.9,9.1 20.3,9.1 21.0,9.8 21.7,10.5 22.4,11.2 23.1,11.2 23.1,10.5 23.8,9.8 23.1,9.1 23.8,9.1 23.8,8.4 24.5,8.4 25.2,7.7 25.9,7.0 25.9,6.3 26.6,5.6 27.3,5.6 27.3,4.9
178|Congo|18.2,3.5 18.2,2.8 18.2,2.1 18.2,1.4 17.5,0.7 17.5,0.0 17.5,-0.7 16.8,-1.4 16.1,-1.4 16.1,-2.8 16.1,-3.5 16.1,-4.2 15.4,-4.2 14.7,-4.9 14.0,-4.9 14.0,-4.2 13.3,-4.2 13.3,-4.9 12.6,-4.2 12.6,-4.9 11.9,-4.9 11.2,-4.2 11.9,-3.5 11.2,-2.8 11.9,-2.8 12.6,-2.1 13.3,-2.1 14.0,-2.8 14.0,-2.1 14.7,-1.4 14.0,-0.7 14.0,0.0 14.0,1.4 13.3,1.4 13.3,2.1 14.0,2.1 15.4,2.1 16.1,1.4 16.1,2.1 16.8,3.5 17.5,3.5 18.2,3.5
266|Gabon|11.2,2.1 11.9,2.1 12.6,2.1 13.3,2.1 13.3,1.4 14.0,1.4 14.0,0.0 14.0,-0.7 14.7,-1.4 14.0,-2.1 14.0,-2.8 13.3,-2.1 12.6,-2.1 11.9,-2.8 11.2,-2.8 11.9,-3.5 11.2,-4.2 9.8,-2.8 9.1,-2.1 9.1,-1.4 9.1,-0.7 9.1,0.0 9.8,0.7 9.8,1.4 11.2,1.4 11.2,2.1
226|Eq. Guinea|9.8,2.1 11.2,2.1 11.2,1.4 9.8,1.4 9.8,0.7 9.1,1.4 9.8,2.1
894|Zambia|30.8,-8.4 31.5,-8.4 31.5,-9.1 32.2,-9.1 32.9,-9.1 32.9,-9.8 33.6,-10.5 32.9,-11.9 33.6,-12.6 32.9,-12.6 32.9,-14.0 30.1,-14.7 30.1,-15.4 29.4,-15.4 28.7,-16.1 28.7,-16.8 27.3,-17.5 27.3,-18.2 26.6,-18.2 26.6,-17.5 25.2,-17.5 24.5,-17.5 23.8,-17.5 23.1,-17.5 22.4,-16.8 21.7,-16.1 21.7,-12.6 23.8,-12.6 23.8,-11.9 23.8,-11.2 24.5,-11.2 25.2,-11.2 25.9,-11.9 26.6,-11.9 27.3,-11.9 28.0,-12.6 28.7,-12.6 28.7,-13.3 29.4,-13.3 29.4,-11.9 29.4,-12.6 28.7,-11.9 28.7,-10.5 28.7,-9.8 28.7,-9.1 28.7,-8.4 30.1,-8.4 30.8,-8.4
454|Malawi|32.9,-9.1 33.6,-9.1 33.6,-9.8 34.3,-10.5 34.3,-11.2 34.3,-12.6 34.3,-13.3 35.0,-13.3 35.0,-14.0 35.7,-14.7 35.7,-16.1 35.0,-16.1 35.0,-16.8 34.3,-16.1 34.3,-15.4 34.3,-14.7 33.6,-14.7 32.9,-14.0 32.9,-12.6 33.6,-12.6 32.9,-11.9 33.6,-10.5 32.9,-9.8 32.9,-9.1
508|Mozambique|34.3,-11.2 35.0,-11.2 36.4,-11.9 37.1,-11.9 37.8,-11.9 37.8,-11.2 38.5,-11.2 39.2,-11.2 40.6,-10.5 40.6,-11.9 40.6,-12.6 40.6,-14.0 40.6,-14.7 40.6,-15.4 39.9,-16.1 39.2,-16.8 38.5,-16.8 37.1,-17.5 36.4,-18.9 35.7,-18.9 35.0,-19.6 35.0,-20.3 35.0,-21.0 35.7,-21.7 35.7,-22.4 35.7,-23.1 35.7,-23.8 35.0,-24.5 34.3,-24.5 32.9,-25.2 32.9,-25.9 32.9,-26.6 32.2,-26.6 31.5,-25.9 31.5,-25.2 32.2,-24.5 31.5,-23.8 31.5,-22.4 32.2,-21.0 32.2,-20.3 32.9,-20.3 32.9,-19.6 32.9,-18.9 32.9,-18.2 32.9,-16.8 32.2,-16.1 31.5,-16.1 30.1,-16.1 30.1,-15.4 30.1,-14.7 32.9,-14.0 33.6,-14.7 34.3,-14.7 34.3,-15.4 34.3,-16.1 35.0,-16.8 35.0,-16.1 35.7,-16.1 35.7,-14.7 35.0,-14.0 35.0,-13.3 34.3,-13.3 34.3,-12.6 34.3,-11.2
24|Angola|12.6,-6.3 13.3,-6.3 13.3,-5.6 16.1,-5.6 16.8,-6.3 16.8,-7.0 16.8,-7.7 17.5,-8.4 18.2,-7.7 18.9,-7.7 19.6,-7.0 20.3,-7.0 21.7,-7.0 21.7,-7.7 21.7,-8.4 21.7,-9.1 21.7,-9.8 22.4,-9.8 22.4,-11.2 23.1,-11.2 23.8,-11.2 23.8,-11.9 23.8,-12.6 21.7,-12.6 21.7,-16.1 22.4,-16.8 23.1,-17.5 21.7,-18.2 18.9,-17.5 18.2,-17.5 14.0,-17.5 13.3,-16.8 12.6,-16.8 11.9,-16.8 11.9,-17.5 11.9,-16.8 11.9,-16.1 11.9,-14.7 12.6,-13.3 13.3,-12.6 13.3,-11.9 14.0,-11.2 14.0,-10.5 13.3,-10.5 13.3,-9.8 12.6,-9.1 13.3,-8.4 12.6,-7.7 12.6,-7.0 11.9,-6.3 12.6,-6.3
108|Burundi|30.8,-2.1 30.8,-2.8 30.8,-3.5 30.1,-4.2 29.4,-4.2 29.4,-3.5 28.7,-2.8 29.4,-2.8 30.1,-2.1 30.8,-2.1
376|Israel|35.7,32.9 35.7,32.2 35.0,32.2 35.0,31.5 35.7,31.5 35.7,30.8 35.0,29.4 35.0,30.1 34.3,31.5 35.0,32.2 35.0,32.9 35.7,32.9 35.7,33.6 35.7,32.9
450|Madagascar|49.7,-12.6 50.4,-13.3 50.4,-14.7 50.4,-15.4 50.4,-16.1 49.7,-15.4 49.7,-16.8 49.7,-18.2 49.0,-18.9 48.3,-20.3 47.6,-22.4 47.6,-23.8 46.9,-25.2 46.2,-25.2 45.5,-25.9 44.8,-25.2 44.1,-25.2 44.1,-24.5 43.4,-23.8 43.4,-23.1 43.4,-22.4 43.4,-21.0 44.1,-21.0 44.1,-20.3 44.8,-19.6 44.1,-18.9 44.1,-18.2 44.1,-17.5 44.1,-16.8 44.1,-16.1 44.8,-16.1 45.5,-16.1 46.2,-16.1 46.9,-15.4 47.6,-14.7 48.3,-14.0 47.6,-14.0 48.3,-14.0 49.0,-13.3 49.0,-12.6 49.0,-11.9 49.7,-12.6
788|Tunisia|9.8,30.1 9.1,32.2 8.4,32.2 8.4,32.9 7.7,33.6 7.7,34.3 8.4,35.0 8.4,35.7 8.4,36.4 8.4,37.1 9.8,37.1 10.5,37.1 10.5,36.4 11.2,37.1 10.5,36.4 10.5,35.7 11.2,35.7 10.5,35.0 10.5,34.3 10.5,33.6 11.2,33.6 11.2,32.9 11.2,32.2 10.5,31.5 9.8,31.5 9.8,30.8 9.8,30.1
12|Algeria|-8.4,27.3 -8.4,28.0 -8.4,28.7 -7.0,29.4 -6.3,29.4 -4.9,30.1 -4.9,30.8 -3.5,30.8 -3.5,31.5 -2.8,31.5 -2.8,32.2 -1.4,32.2 -1.4,32.9 -1.4,33.6 -2.1,34.3 -2.1,35.0 -1.4,35.7 0.0,35.7 0.7,36.4 1.4,36.4 3.5,37.1 4.9,37.1 5.6,36.4 6.3,37.1 7.0,37.1 7.7,37.1 8.4,37.1 8.4,36.4 8.4,35.7 8.4,35.0 7.7,34.3 7.7,33.6 8.4,32.9 8.4,32.2 9.1,32.2 9.8,30.1 9.8,29.4 9.8,28.7 9.8,28.0 9.8,27.3 9.8,26.6 9.1,25.9 9.8,25.2 10.5,24.5 11.9,23.8 8.4,21.7 5.6,19.6 4.2,18.9 3.5,18.9 2.8,19.6 2.1,20.3 -1.4,23.1 -4.9,25.2 -8.4,27.3
400|Jordan|35.7,32.2 35.7,32.9 37.1,32.2 38.5,33.6 39.2,32.2 37.1,31.5 37.8,30.8 37.8,30.1 36.4,30.1 36.4,29.4 35.0,29.4 35.7,30.8 35.7,31.5 35.7,32.2
784|United Arab Emirates|51.8,24.5 51.8,23.8 52.5,24.5 53.2,24.5 53.9,23.8 54.6,24.5 55.3,25.2 56.0,25.9 56.7,25.2 56.0,25.2 56.0,24.5 56.0,23.8 55.3,23.8 55.3,23.1 55.3,22.4 51.8,23.1 51.8,23.8 51.8,24.5
368|Iraq|39.2,32.2 38.5,33.6 41.3,34.3 41.3,35.7 41.3,36.4 42.0,36.4 42.0,37.1 42.7,37.1 44.1,37.1 44.8,37.1 45.5,35.7 46.2,35.7 46.2,35.0 45.5,35.0 45.5,34.3 46.2,32.9 47.6,32.2 47.6,31.5 47.6,30.8 48.3,30.8 48.3,30.1 47.6,30.1 46.9,29.4 44.8,29.4 42.0,31.5 40.6,32.2 39.2,32.2
512|Oman|55.3,22.4 55.3,23.1 55.3,23.8 56.0,23.8 56.0,24.5 56.0,25.2 56.7,25.2 56.7,24.5 57.4,23.8 58.1,23.8 58.8,23.8 59.5,23.1 59.5,22.4 59.5,21.7 58.8,21.0 58.8,20.3 58.1,20.3 57.4,19.6 58.1,18.9 57.4,18.9 56.7,18.9 56.7,18.2 56.0,18.2 55.3,17.5 54.6,16.8 53.9,16.8 53.2,16.8 52.5,17.5 51.8,18.9 55.3,20.3 56.0,21.7 55.3,22.4
116|Cambodia|102.9,11.9 102.2,13.3 102.9,14.0 104.3,14.7 105.0,14.0 105.7,14.0 106.4,14.7 107.1,14.0 107.8,13.3 107.8,12.6 105.7,11.9 106.4,11.2 105.0,11.2 104.3,10.5 103.6,10.5 102.9,11.2 102.9,11.9
764|Thailand|105.0,14.0 104.3,14.7 102.9,14.0 102.2,13.3 102.9,11.9 101.5,12.6 100.8,12.6 100.8,13.3 100.1,13.3 100.1,12.6 99.4,10.5 99.4,9.8 99.4,9.1 100.1,9.1 100.1,8.4 100.8,7.7 100.8,7.0 101.5,7.0 102.2,6.3 101.5,5.6 100.8,6.3 100.1,6.3 99.4,7.0 98.7,7.7 98.7,8.4 98.0,7.7 98.0,8.4 98.0,9.1 98.7,9.8 98.7,11.2 99.4,11.9 99.4,12.6 99.4,13.3 99.4,14.0 98.7,14.7 98.0,15.4 98.7,15.4 98.7,16.1 98.7,16.8 98.0,17.5 97.3,18.2 98.0,18.9 98.0,19.6 98.7,19.6 99.4,20.3 100.1,20.3 100.8,20.3 100.8,19.6 101.5,19.6 100.8,18.2 100.8,17.5 102.2,18.2 102.9,18.2 104.3,18.2 105.0,17.5 105.0,16.1 105.7,15.4 105.7,14.7 105.0,14.0
418|Laos|107.1,14.0 106.4,14.7 105.7,14.0 105.0,14.0 105.7,14.7 105.7,15.4 105.0,16.1 105.0,17.5 104.3,18.2 102.9,18.2 102.2,18.2 100.8,17.5 100.8,18.2 101.5,19.6 100.8,19.6 100.8,20.3 100.1,20.3 100.1,21.0 101.5,21.7 101.5,21.0 101.5,22.4 102.2,22.4 102.9,21.7 102.9,21.0 104.3,21.0 105.0,19.6 104.3,19.6 103.6,19.6 105.0,18.9 105.7,17.5 106.4,16.8 107.1,16.1 107.8,15.4 107.1,14.0
104|Myanmar|100.1,20.3 99.4,20.3 98.7,19.6 98.0,19.6 98.0,18.9 97.3,18.2 98.0,17.5 98.7,16.8 98.7,16.1 98.7,15.4 98.0,15.4 98.7,14.7 99.4,14.0 99.4,13.3 99.4,12.6 99.4,11.9 98.7,11.2 98.7,9.8 98.7,10.5 98.7,11.2 98.7,11.9 98.7,13.3 98.0,13.3 98.0,14.7 97.3,16.1 97.3,16.8 96.6,16.1 95.2,15.4 94.5,16.1 94.5,17.5 94.5,18.2 93.8,19.6 93.1,19.6 92.4,21.0 92.4,21.7 92.4,21.0 92.4,21.7 93.1,22.4 93.1,23.1 93.1,23.8 93.8,23.8 94.5,24.5 94.5,25.2 95.2,25.9 95.2,26.6 96.6,27.3 97.3,27.3 97.3,28.0 98.0,28.0 98.7,27.3 98.7,26.6 98.7,25.9 98.0,25.2 97.3,23.8 98.7,23.8 98.7,23.1 99.4,23.1 99.4,22.4 100.1,21.7 100.8,21.7 101.5,21.7 100.1,21.0 100.1,20.3
704|Vietnam|104.3,10.5 105.0,11.2 106.4,11.2 105.7,11.9 107.8,12.6 107.8,13.3 107.1,14.0 107.8,15.4 107.1,16.1 106.4,16.8 105.7,17.5 105.0,18.9 103.6,19.6 104.3,19.6 105.0,19.6 104.3,21.0 102.9,21.0 102.9,21.7 102.2,22.4 102.9,22.4 103.6,22.4 104.3,23.1 105.0,23.1 105.7,23.1 106.4,23.1 106.4,22.4 107.1,21.7 107.8,21.7 106.4,21.0 105.7,19.6 105.7,18.9 106.4,18.2 107.1,16.8 108.5,16.1 109.2,15.4 109.2,13.3 109.2,11.9 108.5,11.2 107.1,10.5 106.4,9.8 105.0,8.4 105.0,9.1 105.0,9.8 104.3,10.5
408|North Korea|130.9,42.7 130.9,42.0 130.2,42.0 129.5,41.3 129.5,40.6 128.8,40.6 128.8,39.9 128.1,39.9 127.4,39.9 127.4,39.2 128.1,39.2 128.1,38.5 127.4,38.5 126.7,37.8 126.0,37.8 125.3,37.8 124.6,37.8 125.3,38.5 125.3,39.2 125.3,39.9 124.6,39.9 125.3,40.6 126.0,41.3 126.7,42.0 127.4,41.3 128.1,41.3 128.1,42.0 129.5,42.7 130.2,42.7 130.9,42.7
410|South Korea|126.0,37.8 126.7,37.8 127.4,38.5 128.1,38.5 129.5,37.1 129.5,35.7 128.8,35.0 128.1,35.0 127.4,34.3 126.7,34.3 126.7,35.0 126.7,35.7 126.0,36.4 126.7,37.1 126.0,37.8
496|Mongolia|87.5,49.0 88.9,49.7 91.0,50.4 92.4,51.1 93.1,50.4 93.8,50.4 94.5,49.7 95.9,49.7 97.3,49.7 98.0,50.4 98.0,51.1 98.7,51.8 100.1,51.8 100.8,51.8 102.2,51.1 102.2,50.4 103.6,50.4 104.3,50.4 105.7,50.4 107.1,50.4 107.8,49.7 108.5,49.0 109.2,49.0 110.6,49.0 111.3,49.7 112.7,49.7 114.1,50.4 114.8,50.4 115.5,49.7 116.9,49.7 116.2,49.0 115.5,48.3 115.5,47.6 116.2,47.6 117.6,47.6 118.3,48.3 119.0,47.6 119.7,46.9 119.0,46.9 117.6,46.9 116.9,46.2 116.2,45.5 114.8,45.5 113.4,44.8 112.7,44.8 112.0,44.8 111.3,44.8 112.0,44.1 112.0,43.4 111.3,43.4 110.6,42.7 109.2,42.7 107.8,42.7 106.4,42.0 105.0,41.3 104.3,42.0 103.6,42.0 101.5,42.7 100.8,42.7 99.4,42.7 97.3,42.7 96.6,42.7 95.9,43.4 95.2,44.1 94.5,44.1 93.8,44.8 92.4,44.8 91.0,45.5 90.3,45.5 91.0,46.9 90.3,47.6 88.9,48.3 88.2,48.3 87.5,49.0
356|India|97.3,28.0 97.3,27.3 96.6,27.3 95.2,26.6 95.2,25.9 94.5,25.2 94.5,24.5 93.8,23.8 93.1,23.8 93.1,23.1 93.1,22.4 92.4,21.7 92.4,23.8 91.7,23.8 91.7,23.1 91.0,23.8 91.7,23.8 92.4,25.2 91.7,25.2 91.0,25.2 89.6,25.2 89.6,25.9 88.9,26.6 88.2,25.9 88.9,25.2 88.2,25.2 88.2,24.5 88.9,24.5 88.2,23.8 88.9,23.1 88.9,22.4 88.9,21.7 88.2,21.7 86.8,21.7 86.8,21.0 86.8,20.3 85.4,19.6 84.0,18.2 83.3,17.5 81.9,16.8 81.9,16.1 80.5,16.1 79.8,15.4 80.5,14.0 80.5,13.3 79.8,11.9 79.8,10.5 79.1,10.5 79.1,9.8 79.1,9.1 78.4,9.1 77.7,8.4 77.7,7.7 76.3,9.1 76.3,10.5 75.6,11.2 75.6,11.9 74.9,12.6 74.9,14.0 74.2,14.7 73.5,16.1 72.8,18.2 72.8,18.9 72.8,20.3 72.8,21.7 71.4,21.0 70.7,21.0 69.3,22.4 69.3,23.1 67.9,23.8 68.6,24.5 70.7,24.5 70.7,25.2 70.0,25.9 70.0,26.6 69.3,26.6 70.7,28.0 72.1,28.0 72.8,28.7 73.5,30.1 74.2,30.8 74.2,31.5 75.6,32.2 74.2,32.9 74.2,33.6 73.5,34.3 74.2,35.0 75.6,34.3 77.0,35.0 77.7,35.7 79.1,34.3 79.1,33.6 79.1,32.9 79.1,32.2 78.4,32.9 78.4,31.5 79.8,30.8 81.2,30.1 80.5,29.4 79.8,28.7 81.2,28.7 81.9,28.0 83.3,27.3 84.7,27.3 85.4,26.6 86.1,26.6 87.5,26.6 88.2,26.6 88.2,27.3 88.2,28.0 88.9,28.0 88.9,27.3 89.6,26.6 90.3,26.6 91.0,26.6 91.7,26.6 92.4,27.3 91.7,28.0 92.4,28.0 93.1,28.7 94.5,29.4 95.2,28.7 95.9,29.4 96.6,28.7 95.9,28.7 97.3,28.0
50|Bangladesh|92.4,21.7 92.4,21.0 92.4,21.7 92.4,21.0 91.7,21.7 91.7,22.4 91.7,23.1 90.3,23.1 90.3,22.4 90.3,21.7 89.6,21.7 88.9,22.4 88.9,23.1 88.2,23.8 88.9,24.5 88.2,24.5 88.2,25.2 88.9,25.2 88.2,25.9 88.9,26.6 89.6,25.9 89.6,25.2 91.0,25.2 91.7,25.2 92.4,25.2 91.7,23.8 91.0,23.8 91.7,23.1 91.7,23.8 92.4,23.8 92.4,21.7
64|Bhutan|91.7,28.0 92.4,27.3 91.7,26.6 91.0,26.6 90.3,26.6 89.6,26.6 88.9,27.3 89.6,28.0 90.3,28.0 91.0,28.0 91.7,28.0
524|Nepal|88.2,28.0 88.2,27.3 88.2,26.6 87.5,26.6 86.1,26.6 85.4,26.6 84.7,27.3 83.3,27.3 81.9,28.0 81.2,28.7 79.8,28.7 80.5,29.4 81.2,30.1 82.6,30.1 83.3,29.4 84.0,29.4 84.0,28.7 84.7,28.7 86.1,28.0 86.8,28.0 88.2,28.0
586|Pakistan|77.7,35.7 77.0,35.0 75.6,34.3 74.2,35.0 73.5,34.3 74.2,33.6 74.2,32.9 75.6,32.2 74.2,31.5 74.2,30.8 73.5,30.1 72.8,28.7 72.1,28.0 70.7,28.0 69.3,26.6 70.0,26.6 70.0,25.9 70.7,25.2 70.7,24.5 68.6,24.5 67.9,23.8 67.2,23.8 67.2,24.5 66.5,25.2 64.4,25.2 63.0,25.2 61.6,25.2 61.6,25.9 63.0,26.6 63.0,27.3 63.0,28.0 61.6,28.7 61.6,29.4 60.9,30.1 62.3,29.4 63.7,29.4 64.4,29.4 65.1,29.4 66.5,30.1 66.5,30.8 67.2,31.5 67.9,31.5 68.6,31.5 69.3,32.2 70.0,32.9 70.0,33.6 70.0,34.3 70.7,34.3 71.4,34.3 71.4,35.0 71.4,35.7 71.4,36.4 72.1,36.4 72.8,36.4 74.2,37.1 74.9,37.1 75.6,36.4 76.3,35.7 77.7,35.7
4|Afghanistan|66.5,37.1 67.2,37.1 67.9,37.1 68.6,37.1 69.3,37.1 69.3,37.8 70.0,37.8 70.7,37.8 70.7,38.5 71.4,38.5 71.4,37.8 71.4,37.1 72.1,36.4 72.1,37.1 72.8,37.1 73.5,37.8 74.2,37.1 74.9,37.1 74.2,37.1 72.8,36.4 72.1,36.4 71.4,36.4 71.4,35.7 71.4,35.0 71.4,34.3 70.7,34.3 70.0,34.3 70.0,33.6 70.0,32.9 69.3,32.2 68.6,31.5 67.9,31.5 67.2,31.5 66.5,30.8 66.5,30.1 65.1,29.4 64.4,29.4 63.7,29.4 62.3,29.4 60.9,30.1 61.6,30.8 61.6,31.5 60.9,31.5 60.9,32.2 60.2,32.9 60.9,33.6 60.2,33.6 60.9,34.3 60.9,35.7 62.3,35.0 63.0,35.7 63.7,35.7 64.4,36.4 64.4,37.1 65.8,37.1 65.8,37.8 66.5,37.1
762|Tajikistan|67.9,37.1 68.6,38.5 67.9,39.2 67.2,39.2 67.9,39.9 68.6,39.2 69.3,39.9 69.3,40.6 70.7,41.3 70.7,40.6 70.7,39.9 69.3,39.9 69.3,39.2 70.7,39.9 72.1,39.2 73.5,39.2 74.2,38.5 74.9,38.5 74.9,37.8 74.9,37.1 74.2,37.1 73.5,37.8 72.8,37.1 72.1,37.1 72.1,36.4 71.4,37.1 71.4,37.8 71.4,38.5 70.7,38.5 70.7,37.8 70.0,37.8 69.3,37.8 69.3,37.1 68.6,37.1 67.9,37.1
417|Kyrgyzstan|70.7,42.0 71.4,42.7 72.1,42.7 73.5,42.7 73.5,43.4 74.2,43.4 75.6,42.7 76.3,42.7 77.7,42.7 79.1,42.7 79.8,42.7 80.5,42.7 79.8,42.0 78.4,41.3 77.0,41.3 76.3,40.6 75.6,40.6 74.9,40.6 73.5,39.9 74.2,39.9 73.5,39.2 72.1,39.2 70.7,39.9 69.3,39.2 69.3,39.9 70.7,39.9 72.1,39.9 72.8,40.6 72.1,41.3 71.4,41.3 70.7,41.3 71.4,42.0 70.7,42.0
795|Turkmenistan|52.5,42.0 53.2,42.0 53.9,42.0 54.6,42.0 55.3,41.3 56.0,41.3 57.4,41.3 56.7,42.0 58.1,42.0 58.8,42.7 60.2,42.0 60.2,41.3 61.6,41.3 62.3,39.9 63.7,39.2 64.4,39.2 65.1,38.5 66.5,37.8 66.5,37.1 65.8,37.8 65.8,37.1 64.4,37.1 64.4,36.4 63.7,35.7 63.0,35.7 62.3,35.0 60.9,35.7 60.9,36.4 60.2,36.4 59.5,37.1 58.1,37.8 57.4,37.8 56.7,37.8 56.0,37.8 55.3,37.8 54.6,37.1 53.9,37.1 53.9,37.8 53.9,39.2 53.2,39.2 53.2,39.9 52.5,39.9 53.2,40.6 53.9,40.6 54.6,41.3 53.9,41.3 53.9,42.0 53.2,42.0 52.5,41.3 52.5,42.0
364|Iran|48.3,30.1 48.3,30.8 47.6,30.8 47.6,31.5 47.6,32.2 46.2,32.9 45.5,34.3 45.5,35.0 46.2,35.0 46.2,35.7 45.5,35.7 44.8,37.1 44.1,37.8 44.1,38.5 44.1,39.2 44.8,39.9 44.8,39.2 45.5,39.2 46.2,38.5 47.6,39.2 48.3,39.9 48.3,39.2 48.3,38.5 49.0,38.5 49.0,37.8 50.4,37.1 51.1,37.1 52.5,36.4 53.9,37.1 54.6,37.1 55.3,37.8 56.0,37.8 56.7,37.8 57.4,37.8 58.1,37.8 59.5,37.1 60.2,36.4 60.9,36.4 60.9,35.7 60.9,34.3 60.2,33.6 60.9,33.6 60.2,32.9 60.9,32.2 60.9,31.5 61.6,31.5 61.6,30.8 60.9,30.1 61.6,29.4 61.6,28.7 63.0,28.0 63.0,27.3 63.0,26.6 61.6,25.9 61.6,25.2 59.5,25.2 58.8,25.9 57.4,25.9 56.7,27.3 56.0,27.3 54.6,26.6 53.2,26.6 52.5,27.3 51.8,28.0 51.1,28.7 50.4,30.1 49.7,30.1 49.0,30.1 48.3,30.1
760|Syria|35.7,32.9 35.7,33.6 36.4,33.6 36.4,34.3 35.7,34.3 35.7,35.7 36.4,35.7 36.4,36.4 36.4,37.1 37.1,36.4 38.5,37.1 38.5,36.4 39.2,36.4 40.6,37.1 41.3,37.1 42.0,37.1 42.0,36.4 41.3,36.4 41.3,35.7 41.3,34.3 38.5,33.6 37.1,32.2 35.7,32.9
51|Armenia|46.2,38.5 45.5,39.2 44.8,39.9 44.1,39.9 43.4,40.6 44.1,40.6 43.4,41.3 44.8,41.3 45.5,41.3 45.5,40.6 46.2,39.9 45.5,39.9 46.2,39.9 46.2,39.2 46.2,38.5
752|Sweden|11.2,58.8 11.2,59.5 12.6,60.2 12.6,61.6 11.9,61.6 11.9,63.0 12.6,64.4 13.3,63.7 14.0,64.4 13.3,65.1 15.4,66.5 16.1,67.2 16.8,67.9 17.5,67.9 18.2,68.6 19.6,68.6 20.3,69.3 21.7,68.6 23.8,67.9 23.8,66.5 23.8,65.8 22.4,65.8 21.0,65.1 21.7,64.4 19.6,63.7 17.5,63.0 16.8,61.6 17.5,60.9 18.9,60.2 18.2,58.8 16.8,58.8 16.1,56.7 16.1,56.0 14.7,56.0 14.0,55.3 12.6,55.3 12.6,56.0 11.9,57.4 11.2,58.8
112|Belarus|28.0,56.0 29.4,56.0 30.1,56.0 30.8,55.3 30.8,54.6 31.5,53.9 32.2,53.9 32.9,53.2 32.2,53.2 31.5,53.2 31.5,52.5 31.5,51.8 30.8,51.8 30.8,51.1 30.1,51.1 29.4,51.1 28.7,51.8 28.7,51.1 28.0,51.8 27.3,51.8 26.6,51.8 25.2,51.8 24.5,51.8 23.8,51.8 23.1,52.5 23.8,52.5 23.8,53.2 23.8,53.9 24.5,53.9 25.2,54.6 25.9,54.6 26.6,55.3 27.3,56.0 28.0,56.0
804|Ukraine|31.5,51.8 32.2,51.8 32.2,52.5 32.9,52.5 33.6,52.5 34.3,51.8 34.3,51.1 35.0,51.1 35.7,51.1 35.7,50.4 36.4,50.4 37.1,50.4 37.8,49.7 38.5,49.7 39.9,49.7 39.9,49.0 39.9,48.3 39.9,47.6 38.5,47.6 38.5,46.9 37.1,46.9 35.7,46.9 35.0,46.2 35.0,45.5 35.0,46.2 34.3,46.2 33.6,46.2 31.5,46.2 31.5,46.9 30.8,46.9 30.1,46.2 29.4,45.5 28.7,45.5 28.0,45.5 28.7,45.5 28.7,46.2 29.4,46.2 30.1,46.2 30.1,46.9 29.4,46.9 29.4,47.6 28.7,48.3 28.0,48.3 27.3,48.3 26.6,48.3 25.9,48.3 25.2,47.6 24.5,48.3 23.8,48.3 23.1,48.3 22.4,47.6 22.4,48.3 22.4,49.0 23.1,49.0 22.4,49.7 23.1,50.4 23.8,50.4 23.8,51.8 24.5,51.8 25.2,51.8 26.6,51.8 27.3,51.8 28.0,51.8 28.7,51.1 28.7,51.8 29.4,51.1 30.1,51.1 30.8,51.1 30.8,51.8 31.5,51.8
616|Poland|23.8,53.9 23.8,53.2 23.8,52.5 23.1,52.5 23.8,51.8 23.8,50.4 23.1,50.4 22.4,49.7 23.1,49.0 22.4,49.0 21.7,49.7 21.0,49.0 20.3,49.7 19.6,49.0 19.6,49.7 18.9,49.7 18.2,49.7 17.5,49.7 17.5,50.4 16.8,50.4 16.1,50.4 15.4,51.1 14.7,51.1 14.7,51.8 14.7,52.5 14.0,53.2 14.7,53.2 14.0,53.9 14.7,53.9 16.1,54.6 17.5,54.6 18.9,54.6 19.6,54.6 21.0,54.6 22.4,54.6 23.1,53.9 23.8,53.9
40|Austria|16.8,48.3 16.8,47.6 16.1,47.6 16.8,47.6 16.1,46.9 15.4,46.9 14.7,46.2 14.0,46.2 12.6,46.9 11.9,46.9 11.2,46.9 10.5,46.9 9.8,46.9 9.8,47.6 10.5,47.6 11.2,47.6 11.9,47.6 12.6,47.6 13.3,47.6 12.6,48.3 13.3,48.3 13.3,49.0 14.0,48.3 14.7,49.0 15.4,49.0 16.1,49.0 16.8,49.0 16.8,48.3
348|Hungary|22.4,48.3 22.4,47.6 21.7,46.9 21.0,46.2 20.3,46.2 19.6,46.2 18.9,46.2 18.2,45.5 17.5,46.2 16.8,46.2 16.1,46.9 16.8,47.6 16.1,47.6 16.8,47.6 16.8,48.3 17.5,47.6 18.2,47.6 18.9,47.6 18.9,48.3 19.6,48.3 20.3,48.3 21.0,48.3 21.7,48.3 22.4,48.3
498|Moldova|26.6,48.3 27.3,48.3 28.0,48.3 28.7,48.3 29.4,47.6 29.4,46.9 30.1,46.9 30.1,46.2 29.4,46.2 28.7,46.2 28.7,45.5 28.0,45.5 28.0,46.2 28.0,46.9 27.3,47.6 26.6,48.3
642|Romania|28.0,45.5 28.7,45.5 29.4,45.5 29.4,44.8 28.7,44.8 28.7,43.4 28.0,44.1 27.3,44.1 25.9,44.1 25.9,43.4 23.8,43.4 23.1,44.1 22.4,44.1 22.4,44.8 21.7,44.8 21.7,45.5 21.0,45.5 20.3,46.2 21.0,46.2 21.7,46.9 22.4,47.6 23.1,48.3 23.8,48.3 24.5,48.3 25.2,47.6 25.9,48.3 26.6,48.3 27.3,47.6 28.0,46.9 28.0,46.2 28.0,45.5
440|Lithuania|26.6,55.3 25.9,54.6 25.2,54.6 24.5,53.9 23.8,53.9 23.1,53.9 22.4,54.6 23.1,54.6 22.4,55.3 21.0,55.3 21.0,56.0 22.4,56.0 23.8,56.0 25.2,56.7 25.2,56.0 26.6,55.3
428|Latvia|27.3,57.4 28.0,57.4 28.0,56.7 28.0,56.0 27.3,56.0 26.6,55.3 25.2,56.0 25.2,56.7 23.8,56.0 22.4,56.0 21.0,56.0 21.0,56.7 21.7,57.4 22.4,58.1 23.1,56.7 23.8,56.7 24.5,58.1 25.2,58.1 25.9,58.1 26.6,57.4 27.3,57.4
233|Estonia|28.0,59.5 27.3,58.8 28.0,58.1 27.3,57.4 26.6,57.4 25.9,58.1 25.2,58.1 24.5,58.1 23.8,58.1 23.1,58.8 23.1,59.5 24.5,59.5 25.9,59.5 26.6,59.5 28.0,59.5
276|Germany|14.0,53.9 14.7,53.2 14.0,53.2 14.7,52.5 14.7,51.8 14.7,51.1 14.0,51.1 13.3,50.4 11.9,50.4 12.6,49.7 13.3,49.0 13.3,48.3 12.6,48.3 13.3,47.6 12.6,47.6 11.9,47.6 11.2,47.6 10.5,47.6 9.8,47.6 8.4,47.6 7.7,47.6 7.7,48.3 8.4,49.0 7.0,49.0 6.3,49.7 6.3,50.4 6.3,51.1 6.3,51.8 7.0,52.5 7.0,53.2 7.0,53.9 7.7,53.9 8.4,53.2 9.1,53.9 8.4,54.6 8.4,55.3 9.1,54.6 9.8,55.3 9.8,54.6 11.2,54.6 11.2,53.9 11.9,53.9 12.6,54.6 13.3,53.9 14.0,53.9
100|Bulgaria|22.4,44.1 23.1,44.1 23.8,43.4 25.9,43.4 25.9,44.1 27.3,44.1 28.0,44.1 28.7,43.4 28.0,43.4 28.0,42.7 28.0,42.0 27.3,42.0 25.9,42.0 25.9,41.3 25.2,41.3 24.5,41.3 23.8,41.3 23.1,41.3 23.1,42.0 22.4,42.0 22.4,42.7 23.1,43.4 22.4,43.4 22.4,44.1
300|Greece|23.1,41.3 23.8,41.3 24.5,41.3 25.2,41.3 25.9,41.3 25.9,42.0 26.6,41.3 26.6,40.6 25.9,40.6 25.2,40.6 23.8,40.6 24.5,39.9 23.8,39.9 23.1,39.9 23.1,40.6 22.4,40.6 23.1,39.9 23.1,39.2 23.8,38.5 23.8,37.8 23.1,37.8 23.1,37.1 23.1,36.4 22.4,36.4 21.7,37.1 21.0,37.8 21.0,38.5 20.3,39.2 20.3,39.9 21.0,40.6 21.7,40.6 22.4,41.3 23.1,41.3
792|Turkey|44.8,37.1 44.1,37.1 42.7,37.1 42.0,37.1 41.3,37.1 40.6,37.1 39.2,36.4 38.5,36.4 38.5,37.1 37.1,36.4 36.4,37.1 36.4,36.4 36.4,35.7 35.7,36.4 36.4,36.4 35.7,36.4 35.0,37.1 34.3,36.4 32.2,36.4 31.5,36.4 30.8,36.4 30.1,36.4 29.4,36.4 28.7,36.4 27.3,36.4 27.3,37.8 26.6,38.5 26.6,39.2 25.9,39.2 27.3,40.6 28.7,40.6 29.4,41.3 30.8,41.3 32.2,42.0 33.6,42.0 35.0,42.0 37.1,41.3 38.5,40.6 39.2,41.3 40.6,41.3 41.3,41.3 42.7,41.3 43.4,41.3 44.1,40.6 43.4,40.6 44.1,39.9 44.8,39.9 44.1,39.2 44.1,38.5 44.1,37.8 44.8,37.1~25.9,42.0 27.3,42.0 28.0,42.0 28.0,41.3 28.7,41.3 27.3,41.3 27.3,40.6 26.6,39.9 25.9,40.6 26.6,40.6 26.6,41.3 25.9,42.0
8|Albania|21.0,40.6 20.3,39.9 19.6,40.6 19.6,41.3 19.6,42.0 19.6,42.7 20.3,42.7 20.3,42.0 20.3,41.3 21.0,40.6
191|Croatia|16.8,46.2 17.5,46.2 18.2,45.5 18.9,46.2 18.9,45.5 19.6,45.5 18.9,44.8 18.2,44.8 16.8,45.5 16.1,44.8 16.1,45.5 15.4,44.8 16.1,44.1 16.8,44.1 16.8,43.4 17.5,43.4 17.5,42.7 18.9,42.7 18.2,42.7 17.5,42.7 16.8,43.4 16.1,43.4 15.4,44.1 14.7,44.8 14.0,45.5 14.0,44.8 14.0,45.5 14.7,45.5 15.4,45.5 16.1,46.2 16.8,46.2
756|Switzerland|9.8,47.6 9.8,46.9 10.5,46.9 10.5,46.2 9.8,46.2 9.1,46.2 8.4,46.2 7.7,45.5 7.0,45.5 7.0,46.2 6.3,46.2 6.3,46.9 7.0,47.6 7.7,47.6 8.4,47.6 9.8,47.6
56|Belgium|6.3,51.1 6.3,50.4 5.6,50.4 5.6,49.7 4.9,49.7 4.2,49.7 3.5,50.4 2.8,51.1 3.5,51.1 4.2,51.1 4.9,51.8 5.6,51.1 6.3,51.1
528|Netherlands|7.0,53.2 7.0,52.5 6.3,51.8 6.3,51.1 5.6,51.1 4.9,51.8 4.2,51.1 3.5,51.1 3.5,51.8 4.9,53.2 6.3,53.2 7.0,53.2
620|Portugal|-9.1,42.0 -8.4,42.0 -7.7,42.0 -7.0,42.0 -6.3,41.3 -7.0,41.3 -7.0,40.6 -7.0,39.9 -7.7,39.9 -7.0,39.2 -7.7,38.5 -7.0,37.8 -7.7,37.1 -8.4,37.1 -9.1,37.1 -8.4,37.8 -9.1,38.5 -9.8,38.5 -9.1,39.2 -9.1,39.9 -9.1,40.6 -9.1,41.3 -9.1,42.0
724|Spain|-7.7,37.1 -7.0,37.8 -7.7,38.5 -7.0,39.2 -7.7,39.9 -7.0,39.9 -7.0,40.6 -7.0,41.3 -6.3,41.3 -7.0,42.0 -7.7,42.0 -8.4,42.0 -9.1,42.0 -9.1,42.7 -7.7,43.4 -7.0,43.4 -5.6,43.4 -4.2,43.4 -3.5,43.4 -2.1,43.4 -1.4,42.7 0.0,42.7 0.7,42.7 2.1,42.0 2.8,42.7 2.8,42.0 2.1,41.3 0.7,41.3 0.7,40.6 0.0,39.9 0.0,39.2 0.0,38.5 -0.7,38.5 -0.7,37.8 -1.4,37.1 -2.1,36.4 -3.5,36.4 -4.2,36.4 -4.9,36.4 -5.6,35.7 -6.3,36.4 -6.3,37.1 -7.7,37.1
372|Ireland|-6.3,53.9 -6.3,53.2 -7.0,52.5 -8.4,51.8 -9.8,51.8 -9.1,53.2 -9.8,53.9 -8.4,54.6 -7.7,55.3 -7.7,54.6 -7.7,53.9 -7.0,53.9 -6.3,53.9
540|New Caledonia|165.9,-21.0 166.6,-21.7 167.3,-22.4 166.6,-22.4 165.9,-22.4 165.2,-21.7 164.5,-21.0 164.5,-20.3 163.8,-20.3 164.5,-20.3 165.2,-20.3 165.2,-21.0 165.9,-21.0
554|New Zealand|177.1,-39.9 176.4,-40.6 175.7,-41.3 175.0,-42.0 175.0,-41.3 175.0,-40.6 175.0,-39.9 173.6,-39.2 174.3,-38.5 175.0,-37.8 175.0,-37.1 174.3,-36.4 173.6,-36.4 172.9,-35.0 172.9,-34.3 173.6,-35.0 174.3,-35.0 174.3,-36.4 175.0,-37.1 175.7,-36.4 175.7,-37.1 175.7,-37.8 177.1,-37.8 177.8,-37.8 178.5,-37.8 178.5,-38.5 177.8,-39.2 177.1,-39.2 177.1,-39.9~169.4,-43.4 170.8,-42.7 171.5,-42.0 172.2,-41.3 172.9,-40.6 172.9,-41.3 174.3,-40.6 174.3,-41.3 174.3,-42.0 173.6,-42.0 172.9,-42.7 172.9,-43.4 172.9,-44.1 172.2,-44.1 171.5,-44.1 171.5,-44.8 170.8,-46.2 170.1,-46.2 169.4,-46.9 168.7,-46.9 168.0,-46.2 166.6,-46.2 167.3,-44.8 168.0,-44.1 168.7,-44.1 169.4,-43.4
36|Australia|147.7,-40.6 148.4,-40.6 148.4,-42.0 147.7,-42.7 147.7,-43.4 147.7,-42.7 147.0,-43.4 146.3,-43.4 145.6,-42.7 145.6,-42.0 144.9,-41.3 144.9,-40.6 145.6,-40.6 146.3,-41.3 147.0,-41.3 147.7,-40.6~126.0,-32.2 125.3,-32.9 123.9,-32.9 123.9,-33.6 122.5,-33.6 122.5,-34.3 121.1,-33.6 120.4,-33.6 119.7,-34.3 119.0,-34.3 118.3,-35.0 117.6,-35.0 116.9,-35.0 115.5,-34.3 114.8,-34.3 114.8,-33.6 115.5,-33.6 115.5,-32.9 115.5,-32.2 115.5,-31.5 115.5,-30.8 114.8,-30.1 114.8,-29.4 114.8,-28.7 114.1,-28.0 114.1,-27.3 113.4,-26.6 113.4,-25.9 114.1,-26.6 113.4,-25.9 114.1,-25.9 114.1,-26.6 114.1,-25.9 113.4,-25.2 113.4,-24.5 113.4,-23.8 114.1,-23.1 113.4,-22.4 114.1,-21.7 114.1,-22.4 114.8,-21.7 115.5,-21.7 116.2,-21.0 116.9,-21.0 116.9,-20.3 117.6,-21.0 118.3,-20.3 119.0,-20.3 119.7,-20.3 121.1,-19.6 121.1,-18.9 121.8,-18.9 122.5,-18.2 122.5,-17.5 123.2,-16.1 123.2,-17.5 123.9,-16.8 123.2,-16.8 123.9,-16.1 124.6,-16.1 124.6,-15.4 125.3,-14.7 126.0,-14.7 126.0,-14.0 126.7,-14.0 127.4,-14.0 128.1,-14.0 128.1,-14.7 128.8,-14.7 129.5,-14.7 130.2,-13.3 130.9,-12.6 130.9,-11.9 131.6,-12.6 132.3,-11.9 131.6,-11.2 132.3,-11.2 133.0,-11.2 133.7,-11.9 134.4,-11.9 135.1,-11.9 135.8,-11.9 136.5,-11.9 137.2,-12.6 136.5,-12.6 136.5,-13.3 135.8,-13.3 135.8,-14.0 135.1,-14.7 135.8,-14.7 136.5,-15.4 137.2,-16.1 137.9,-16.1 138.6,-16.8 139.3,-16.8 139.3,-17.5 140.0,-17.5 140.7,-17.5 141.4,-16.8 141.4,-16.1 141.4,-14.7 141.4,-14.0 141.4,-12.6 142.1,-12.6 141.4,-12.6 142.1,-11.9 142.1,-11.2 142.8,-10.5 142.8,-11.2 142.8,-11.9 143.5,-12.6 143.5,-13.3 143.5,-14.0 144.2,-14.7 144.9,-14.0 144.9,-14.7 145.6,-14.7 145.6,-15.4 145.6,-16.1 145.6,-16.8 146.3,-17.5 146.3,-18.2 146.3,-18.9 147.7,-19.6 148.4,-20.3 149.1,-20.3 148.4,-20.3 149.1,-21.0 149.8,-22.4 150.5,-22.4 151.2,-23.8 151.9,-23.8 151.9,-24.5 152.6,-25.2 153.3,-25.9 153.3,-26.6 153.3,-27.3 153.3,-28.0 153.3,-28.7 153.3,-29.4 153.3,-30.1 153.3,-30.8 152.6,-31.5 152.6,-32.9 151.9,-32.9 151.2,-33.6 151.2,-34.3 150.5,-35.0 150.5,-35.7 149.8,-36.4 149.8,-37.1 149.1,-37.8 148.4,-37.8 147.7,-38.5 147.0,-38.5 146.3,-39.2 145.6,-38.5 144.9,-38.5 144.9,-37.8 144.2,-37.8 143.5,-38.5 142.8,-38.5 142.1,-38.5 141.4,-38.5 140.7,-37.8 140.0,-37.1 140.0,-36.4 139.3,-36.4 139.3,-35.7 137.9,-35.7 138.6,-35.0 137.9,-34.3 137.9,-35.0 136.5,-35.0 137.2,-35.0 137.2,-34.3 137.9,-33.6 137.9,-32.9 137.2,-33.6 136.5,-34.3 135.8,-35.0 135.1,-34.3 135.1,-33.6 134.4,-32.9 133.0,-32.2 132.3,-32.2 131.6,-31.5 129.5,-31.5 128.1,-32.2 127.4,-32.2 126.0,-32.2
144|Sri Lanka|81.9,7.7 81.9,6.3 81.2,6.3 80.5,6.3 79.8,7.0 79.8,8.4 79.8,9.8 80.5,9.1 81.2,8.4 81.9,7.7
156|China|109.2,18.2 108.5,18.2 108.5,19.6 109.2,19.6 109.9,20.3 110.6,20.3 111.3,19.6 110.6,19.6 110.6,18.9 109.2,18.2~80.5,42.7 81.2,43.4 79.8,44.8 81.9,45.5 82.6,45.5 83.3,47.6 85.4,46.9 85.4,47.6 86.1,48.3 86.8,48.3 87.5,49.0 88.2,48.3 88.9,48.3 90.3,47.6 91.0,46.9 90.3,45.5 91.0,45.5 92.4,44.8 93.8,44.8 94.5,44.1 95.2,44.1 95.9,43.4 96.6,42.7 97.3,42.7 99.4,42.7 100.8,42.7 101.5,42.7 103.6,42.0 104.3,42.0 105.0,41.3 106.4,42.0 107.8,42.7 109.2,42.7 110.6,42.7 111.3,43.4 112.0,43.4 112.0,44.1 111.3,44.8 112.0,44.8 112.7,44.8 113.4,44.8 114.8,45.5 116.2,45.5 116.9,46.2 117.6,46.9 119.0,46.9 119.7,46.9 119.0,47.6 118.3,48.3 117.6,47.6 116.2,47.6 115.5,47.6 115.5,48.3 116.2,49.0 116.9,49.7 117.6,49.7 119.0,50.4 120.4,51.8 120.4,52.5 121.1,53.2 122.5,53.2 123.9,53.2 125.3,53.2 126.0,52.5 126.7,51.8 126.7,51.1 127.4,50.4 127.4,49.7 129.5,49.7 130.9,49.0 130.9,47.6 132.3,47.6 133.7,48.3 135.1,48.3 134.4,47.6 134.4,46.9 133.7,46.2 133.0,44.8 131.6,45.5 130.9,44.8 131.6,44.1 130.9,42.7 130.2,42.7 129.5,42.7 128.1,42.0 128.1,41.3 127.4,41.3 126.7,42.0 126.0,41.3 125.3,40.6 124.6,39.9 123.2,39.9 121.8,39.2 121.1,39.2 121.8,39.2 121.1,39.9 122.5,40.6 121.8,40.6 121.1,40.6 119.7,39.9 119.0,39.2 118.3,39.2 117.6,38.5 118.3,37.8 119.0,37.8 119.0,37.1 119.7,37.1 121.1,37.8 121.8,37.8 122.5,37.8 122.5,37.1 121.1,36.4 120.4,36.4 119.7,35.7 119.0,35.0 120.4,34.3 120.4,33.6 121.1,32.2 121.8,31.5 121.8,30.8 121.1,30.8 121.8,30.1 121.8,28.7 121.8,28.0 121.1,28.0 120.4,27.3 119.7,25.9 119.0,24.5 117.6,23.8 116.2,23.1 114.8,22.4 114.1,22.4 113.4,22.4 112.0,21.7 110.6,21.7 110.6,20.3 109.9,20.3 109.9,21.0 109.9,21.7 108.5,21.7 107.8,21.7 107.1,21.7 106.4,22.4 106.4,23.1 105.7,23.1 105.0,23.1 104.3,23.1 103.6,22.4 102.9,22.4 102.2,22.4 101.5,22.4 101.5,21.0 101.5,21.7 100.8,21.7 100.1,21.7 99.4,22.4 99.4,23.1 98.7,23.1 98.7,23.8 97.3,23.8 98.0,25.2 98.7,25.9 98.7,26.6 98.7,27.3 98.0,28.0 97.3,28.0 95.9,28.7 96.6,28.7 95.9,29.4 95.2,28.7 94.5,29.4 93.1,28.7 92.4,28.0 91.7,28.0 91.0,28.0 90.3,28.0 89.6,28.0 88.9,27.3 88.9,28.0 88.2,28.0 86.8,28.0 86.1,28.0 84.7,28.7 84.0,28.7 84.0,29.4 83.3,29.4 82.6,30.1 81.2,30.1 79.8,30.8 78.4,31.5 78.4,32.9 79.1,32.2 79.1,32.9 79.1,33.6 79.1,34.3 77.7,35.7 76.3,35.7 75.6,36.4 74.9,37.1 74.9,37.8 74.9,38.5 74.2,38.5 73.5,39.2 74.2,39.9 73.5,39.9 74.9,40.6 75.6,40.6 76.3,40.6 77.0,41.3 78.4,41.3 79.8,42.0 80.5,42.7
158|Taiwan|121.8,24.5 121.1,23.1 120.4,21.7 120.4,23.1 120.4,23.8 120.4,24.5 121.8,25.2 121.8,24.5
380|Italy|10.5,46.9 11.2,46.9 11.9,46.9 12.6,46.9 14.0,46.2 14.0,45.5 13.3,45.5 12.6,45.5 12.6,44.8 12.6,44.1 13.3,43.4 14.0,42.7 15.4,42.0 16.1,42.0 16.1,41.3 16.8,41.3 17.5,40.6 18.2,40.6 18.2,39.9 17.5,40.6 16.8,40.6 16.8,39.9 17.5,39.2 16.8,39.2 16.8,38.5 16.1,37.8 15.4,37.8 15.4,38.5 16.1,38.5 16.1,39.2 15.4,39.2 15.4,39.9 14.7,39.9 14.7,40.6 14.0,40.6 13.3,41.3 12.6,41.3 11.9,42.0 11.2,42.7 10.5,42.7 10.5,44.1 9.8,44.1 9.1,44.1 8.4,44.1 7.7,44.1 7.7,43.4 7.7,44.1 7.0,44.1 7.0,44.8 7.0,45.5 7.0,46.2 7.0,45.5 7.7,45.5 8.4,46.2 9.1,46.2 9.8,46.2 10.5,46.2 10.5,46.9~14.7,37.8 15.4,38.5 15.4,37.1 15.4,36.4 14.0,37.1 12.6,37.8 14.0,37.8 14.7,37.8~8.4,40.6 9.1,41.3 9.8,40.6 9.8,39.2 9.1,39.2 8.4,39.2 8.4,40.6 8.4,41.3 8.4,40.6
208|Denmark|9.8,55.3 9.1,54.6 8.4,55.3 8.4,56.7 8.4,57.4 9.1,57.4 9.8,57.4 10.5,57.4 10.5,56.7 11.2,56.7 10.5,56.0 9.8,55.3
826|United Kingdom|-2.8,53.2 -2.8,53.9 -3.5,54.6 -4.9,54.6 -4.9,55.3 -4.9,56.0 -5.6,55.3 -5.6,56.0 -6.3,56.7 -5.6,58.1 -4.9,58.8 -4.2,58.8 -2.8,58.8 -4.2,57.4 -2.8,57.4 -2.1,57.4 -2.1,56.7 -2.8,56.0 -2.1,56.0 -1.4,54.6 -0.7,54.6 0.0,53.2 0.7,53.2 1.4,52.5 1.4,51.8 0.7,51.8 1.4,51.1 0.7,51.1 -0.7,51.1 -2.8,50.4 -3.5,50.4 -4.2,50.4 -4.9,49.7 -5.6,50.4 -4.2,51.1 -3.5,51.1 -4.9,51.8 -5.6,51.8 -4.2,52.5 -4.9,52.5 -4.9,53.2 -2.8,53.2
352|Iceland|-14.7,66.5 -14.7,65.8 -13.3,65.1 -14.7,64.4 -17.5,63.7 -18.9,63.7 -20.3,63.7 -23.1,63.7 -21.7,64.4 -23.8,65.1 -22.4,65.1 -24.5,65.8 -23.8,66.5 -22.4,66.5 -20.3,65.8 -18.9,66.5 -17.5,65.8 -16.1,66.5 -14.7,66.5
31|Azerbaijan|46.2,42.0 46.9,42.0 47.6,41.3 48.3,41.3 48.3,42.0 49.0,41.3 49.7,40.6 50.4,40.6 49.7,39.9 49.7,39.2 49.0,39.2 49.0,38.5 48.3,38.5 48.3,39.2 48.3,39.9 47.6,39.2 46.2,38.5 46.2,39.2 46.2,39.9 45.5,39.9 46.2,39.9 45.5,40.6 45.5,41.3 44.8,41.3 45.5,41.3 46.2,41.3 46.9,41.3 46.2,42.0
268|Georgia|39.9,43.4 40.6,43.4 42.7,43.4 44.1,42.7 44.8,42.7 45.5,42.7 45.5,42.0 46.2,42.0 46.9,41.3 46.2,41.3 45.5,41.3 44.8,41.3 43.4,41.3 42.7,41.3 41.3,41.3 42.0,42.0 41.3,42.7 40.6,42.7 40.6,43.4 39.9,43.4
608|Philippines|126.7,8.4 126.7,7.7 126.7,7.0 126.0,6.3 126.0,7.0 125.3,7.0 126.0,6.3 125.3,5.6 123.9,6.3 123.9,7.0 123.9,7.7 123.2,7.7 122.5,7.7 121.8,7.0 122.5,7.7 123.2,8.4 123.9,8.4 124.6,8.4 124.6,9.1 125.3,9.1 125.3,9.8 126.0,9.1 126.7,8.4~122.5,18.2 122.5,17.5 122.5,16.8 122.5,16.1 121.8,16.1 121.8,15.4 121.8,14.0 122.5,14.0 123.9,14.0 123.9,13.3 123.9,12.6 123.2,13.3 122.5,13.3 121.8,14.0 121.1,13.3 120.4,14.0 121.1,14.7 120.4,14.7 119.7,15.4 119.7,16.1 120.4,16.1 120.4,17.5 120.4,18.2 121.1,18.2 121.8,18.2 122.5,18.2
458|Malaysia|100.1,6.3 100.8,6.3 101.5,5.6 102.2,6.3 102.9,5.6 103.6,4.9 103.6,4.2 103.6,3.5 103.6,2.8 104.3,1.4 103.6,1.4 102.9,2.1 101.5,2.8 101.5,3.5 100.8,4.2 100.8,4.9 100.1,5.6 100.1,6.3~117.6,4.2 116.9,4.2 116.2,4.2 115.5,3.5 114.8,2.8 114.8,1.4 114.1,1.4 112.7,1.4 112.0,0.7 111.3,0.7 110.6,0.7 109.9,1.4 109.9,2.1 110.6,1.4 111.3,2.1 111.3,2.8 112.0,2.8 112.7,2.8 113.4,4.2 114.1,4.2 114.8,4.2 115.5,4.2 115.5,4.9 115.5,5.6 116.2,6.3 116.9,7.0 117.6,6.3 118.3,5.6 119.0,5.6 119.0,4.9 118.3,4.9 118.3,4.2 117.6,4.2
705|Slovenia|14.0,46.2 14.7,46.2 15.4,46.9 16.1,46.9 16.8,46.2 16.1,46.2 15.4,45.5 14.7,45.5 14.0,45.5 14.0,46.2
246|Finland|28.7,69.3 28.7,68.6 30.1,67.9 29.4,67.2 30.1,65.8 29.4,65.1 30.1,64.4 30.1,63.7 31.5,63.0 30.8,62.3 30.1,61.6 28.0,60.2 26.6,60.2 24.5,60.2 23.1,59.5 22.4,60.2 21.0,60.9 21.7,61.6 21.0,62.3 21.7,63.0 22.4,63.7 24.5,65.1 25.2,65.1 25.2,65.8 23.8,65.8 23.8,66.5 23.8,67.9 21.7,68.6 20.3,69.3 21.0,69.3 22.4,68.6 23.8,68.6 24.5,68.6 25.9,69.3 25.9,70.0 28.0,70.0 28.7,70.0 28.7,69.3
703|Slovakia|22.4,49.0 22.4,48.3 21.7,48.3 21.0,48.3 20.3,48.3 19.6,48.3 18.9,48.3 18.9,47.6 18.2,47.6 17.5,47.6 16.8,48.3 16.8,49.0 17.5,49.0 18.2,49.0 18.9,49.7 19.6,49.7 19.6,49.0 20.3,49.7 21.0,49.0 21.7,49.7 22.4,49.0
203|Czechia|14.7,51.1 15.4,51.1 16.1,50.4 16.8,50.4 17.5,50.4 17.5,49.7 18.2,49.7 18.9,49.7 18.2,49.0 17.5,49.0 16.8,49.0 16.8,48.3 16.8,49.0 16.1,49.0 15.4,49.0 14.7,49.0 14.0,48.3 13.3,49.0 12.6,49.7 11.9,50.4 13.3,50.4 14.0,51.1 14.7,51.1
232|Eritrea|36.4,14.7 37.1,16.1 37.1,16.8 37.1,17.5 37.8,17.5 38.5,18.2 39.2,16.8 39.2,16.1 39.9,15.4 41.3,14.7 42.0,14.0 42.0,13.3 42.7,13.3 43.4,12.6 42.7,12.6 42.0,12.6 41.3,13.3 41.3,14.0 40.6,14.0 39.9,14.7 39.2,14.7 38.5,14.7 37.8,14.7 37.8,14.0 36.4,14.7
392|Japan|142.1,39.2 140.7,38.5 140.7,37.1 140.7,36.4 140.7,35.7 140.0,35.0 139.3,35.0 137.2,34.3 135.8,33.6 135.1,33.6 135.1,34.3 133.0,34.3 132.3,33.6 130.9,33.6 132.3,32.9 131.6,31.5 130.9,30.8 130.2,31.5 130.2,32.2 129.5,32.9 129.5,33.6 130.2,33.6 130.9,34.3 131.6,35.0 132.3,35.7 134.4,35.7 135.8,35.7 136.5,37.1 137.2,37.1 138.6,37.8 139.3,38.5 140.0,39.2 140.0,40.6 140.0,41.3 141.4,41.3 142.1,39.9 142.1,39.2~144.9,44.1 145.6,44.1 145.6,43.4 144.2,42.7 143.5,42.0 141.4,42.7 141.4,41.3 140.0,41.3 140.0,42.7 140.0,43.4 141.4,43.4 141.4,44.8 142.1,45.5 142.8,44.8 144.2,44.1 144.9,44.1
600|Paraguay|-58.1,-20.3 -58.1,-21.0 -58.1,-22.4 -56.7,-22.4 -56.0,-22.4 -55.3,-22.4 -55.3,-23.8 -54.6,-23.8 -54.6,-24.5 -54.6,-25.2 -54.6,-25.9 -54.6,-26.6 -56.0,-27.3 -56.7,-27.3 -57.4,-27.3 -58.8,-27.3 -57.4,-25.9 -58.1,-25.2 -58.8,-24.5 -60.2,-23.8 -60.9,-23.8 -63.0,-22.4 -62.3,-21.0 -62.3,-20.3 -61.6,-19.6 -60.2,-19.6 -58.8,-19.6 -58.1,-19.6 -58.1,-20.3
887|Yemen|51.8,18.9 52.5,17.5 53.2,16.8 52.5,16.1 52.5,15.4 51.1,15.4 49.7,14.7 49.0,14.0 48.3,14.0 47.6,14.0 47.6,13.3 46.9,13.3 46.2,13.3 45.5,13.3 44.8,13.3 44.8,12.6 44.1,12.6 43.4,12.6 43.4,13.3 43.4,14.0 42.7,14.7 42.7,15.4 42.7,16.1 43.4,16.8 43.4,17.5 44.1,17.5 45.5,17.5 46.2,17.5 46.9,17.5 46.9,16.8 47.6,16.8 48.3,18.2 49.0,18.9 51.8,18.9
682|Saudi Arabia|35.0,29.4 36.4,29.4 36.4,30.1 37.8,30.1 37.8,30.8 37.1,31.5 39.2,32.2 40.6,32.2 42.0,31.5 44.8,29.4 46.9,29.4 47.6,28.7 48.3,28.7 49.0,28.0 49.0,27.3 49.7,27.3 50.4,26.6 50.4,25.9 50.4,25.2 51.1,24.5 51.8,24.5 51.8,23.8 51.8,23.1 55.3,22.4 56.0,21.7 55.3,20.3 51.8,18.9 49.0,18.9 48.3,18.2 47.6,16.8 46.9,16.8 46.9,17.5 46.2,17.5 45.5,17.5 44.1,17.5 43.4,17.5 43.4,16.8 42.7,16.1 42.7,16.8 42.0,16.8 42.0,17.5 41.3,18.9 40.6,19.6 39.9,20.3 39.2,21.0 39.2,21.7 39.2,22.4 38.5,23.8 37.8,23.8 37.8,24.5 37.1,25.2 37.1,25.9 36.4,25.9 36.4,26.6 35.7,27.3 35.0,28.0 34.3,28.0 35.0,28.7 35.0,29.4
10|Antarctica|-49.0,-77.7 -48.3,-77.7 -46.9,-77.7 -45.5,-77.7 -44.1,-78.4 -43.4,-79.1 -43.4,-79.8 -44.8,-80.5 -46.2,-80.5 -48.3,-80.5 -50.4,-81.2 -53.2,-81.2 -53.9,-80.5 -51.8,-79.8 -51.1,-79.8 -50.4,-79.1 -49.7,-79.1 -49.0,-78.4 -49.0,-77.7~-66.5,-80.5 -63.7,-80.5 -61.6,-80.5 -60.9,-79.8 -59.5,-79.8 -60.2,-80.5 -60.2,-81.2 -62.3,-81.2 -64.4,-81.2 -65.8,-80.5 -66.5,-80.5~-74.2,-71.4 -73.5,-71.4 -72.1,-71.4 -72.1,-70.7 -71.4,-70.0 -71.4,-69.3 -70.0,-68.6 -70.0,-69.3 -69.3,-69.3 -69.3,-70.0 -68.6,-70.7 -68.6,-71.4 -68.6,-72.1 -70.0,-72.1 -71.4,-72.8 -72.1,-72.8 -72.1,-72.1 -72.8,-72.1 -74.2,-72.1 -74.9,-72.1 -74.9,-71.4 -74.2,-71.4~-102.2,-72.1 -101.5,-71.4 -100.1,-72.1 -98.7,-72.1 -98.0,-72.1 -96.6,-72.1 -95.9,-72.8 -97.3,-72.1 -98.0,-72.8 -99.4,-72.1 -100.8,-72.8 -101.5,-72.1 -102.2,-72.1~-163.8,-78.4 -163.1,-78.4 -161.0,-78.4 -160.3,-78.4 -159.6,-79.1 -158.9,-79.8 -161.0,-79.8 -162.4,-79.1 -163.1,-79.1 -163.8,-78.4~-179.9,-84.7 -179.2,-84.0 -177.1,-84.7 -176.4,-84.0 -175.7,-84.0 -174.3,-84.7 -172.9,-84.0 -170.1,-84.0 -168.7,-84.0 -167.3,-84.7 -164.5,-84.7 -161.7,-85.4 -158.2,-85.4 -155.4,-85.4 -151.2,-85.4 -148.4,-85.4 -145.6,-85.4 -142.8,-84.7 -147.0,-84.7 -149.8,-84.0 -151.2,-84.0 -153.3,-84.0 -153.3,-83.3 -153.3,-82.6 -152.6,-82.6 -152.6,-81.9 -154.7,-81.9 -155.4,-81.2 -156.8,-81.2 -154.7,-81.2 -151.9,-81.2 -150.5,-81.2 -149.1,-81.2 -147.0,-80.5 -146.3,-80.5 -147.0,-79.8 -148.4,-79.8 -149.8,-79.1 -151.9,-79.1 -153.3,-79.1 -155.4,-79.1 -156.1,-78.4 -157.5,-78.4 -158.2,-77.7 -158.2,-77.0 -156.8,-77.0 -155.4,-77.0 -154.0,-77.0 -152.6,-77.7 -151.2,-77.7 -149.8,-77.0 -148.4,-77.0 -147.7,-76.3 -146.3,-76.3 -146.3,-75.6 -144.9,-74.9 -144.2,-75.6 -142.8,-75.6 -141.4,-74.9 -140.0,-74.9 -138.6,-74.9 -137.2,-74.9 -136.5,-74.2 -135.1,-74.2 -134.4,-74.2 -133.7,-74.2 -132.3,-74.2 -130.9,-74.2 -129.5,-74.2 -128.1,-74.2 -126.7,-74.2 -125.3,-74.2 -123.9,-74.2 -122.5,-74.2 -121.1,-74.2 -119.7,-74.2 -119.0,-74.2 -117.6,-74.2 -116.2,-74.2 -114.8,-74.2 -114.1,-73.5 -113.4,-74.2 -112.7,-74.2 -112.0,-74.9 -111.3,-74.2 -109.9,-74.9 -108.5,-74.9 -107.8,-74.9 -106.4,-74.9 -105.0,-74.9 -103.6,-74.9 -102.2,-74.9 -100.8,-75.6 -100.1,-74.9 -100.8,-74.2 -101.5,-74.2 -102.2,-74.2 -102.9,-73.5 -103.6,-73.5 -103.6,-72.8 -102.9,-72.8 -101.5,-72.8 -100.1,-72.8 -99.4,-72.8 -98.0,-73.5 -96.6,-73.5 -95.2,-73.5 -93.8,-73.5 -92.4,-73.5 -91.7,-73.5 -90.3,-73.5 -88.9,-72.8 -88.2,-72.8 -87.5,-73.5 -86.1,-72.8 -85.4,-73.5 -84.0,-73.5 -82.6,-73.5 -81.2,-74.2 -80.5,-73.5 -80.5,-72.8 -79.1,-73.5 -77.7,-73.5 -77.0,-73.5 -76.3,-74.2 -74.9,-74.2 -74.2,-73.5 -72.8,-73.5 -71.4,-73.5 -70.0,-72.8 -68.6,-72.8 -67.9,-72.8 -67.2,-72.8 -67.2,-72.1 -67.2,-71.4 -67.9,-71.4 -67.9,-70.7 -68.6,-70.0 -68.6,-69.3 -67.9,-69.3 -67.9,-68.6 -67.2,-67.9 -67.9,-67.9 -67.9,-67.2 -67.2,-67.2 -66.5,-66.5 -65.8,-66.5 -65.1,-65.8 -64.4,-65.8 -64.4,-65.1 -63.7,-65.1 -63.0,-64.4 -62.3,-64.4 -61.6,-64.4 -60.9,-64.4 -60.2,-63.7 -59.5,-63.7 -58.8,-63.7 -58.1,-63.0 -57.4,-63.7 -58.8,-64.4 -59.5,-64.4 -60.9,-64.4 -61.6,-64.4 -62.3,-65.1 -62.3,-65.8 -62.3,-66.5 -63.0,-66.5 -63.7,-66.5 -64.4,-66.5 -65.1,-67.2 -65.8,-67.9 -65.1,-68.6 -63.7,-68.6 -63.0,-69.3 -62.3,-70.0 -62.3,-70.7 -61.6,-70.7 -61.6,-71.4 -61.6,-72.1 -60.9,-72.1 -60.9,-72.8 -60.9,-73.5 -61.6,-74.2 -62.3,-74.2 -63.0,-74.9 -63.7,-74.9 -64.4,-75.6 -65.8,-75.6 -67.2,-75.6 -68.6,-76.3 -70.0,-76.3 -70.7,-76.3 -72.1,-77.0 -74.2,-76.3 -75.6,-77.0 -77.0,-77.0 -75.6,-77.0 -74.2,-77.7 -73.5,-77.7 -74.9,-78.4 -76.3,-78.4 -77.7,-78.4 -77.7,-79.1 -77.0,-79.8 -76.3,-79.8 -75.6,-80.5 -73.5,-80.5 -71.4,-80.5 -70.0,-81.2 -67.9,-81.2 -65.8,-81.2 -63.0,-81.9 -61.6,-81.9 -59.5,-82.6 -58.8,-82.6 -58.1,-83.3 -56.7,-82.6 -55.3,-82.6 -53.9,-82.6 -51.8,-81.9 -49.7,-81.9 -47.6,-81.9 -44.8,-81.9 -42.7,-81.9 -42.0,-81.9 -40.6,-81.2 -38.5,-81.2 -36.4,-81.2 -34.3,-81.2 -32.2,-80.5 -30.1,-80.5 -28.7,-80.5 -29.4,-79.8 -29.4,-79.1 -31.5,-79.1 -33.6,-79.8 -35.7,-79.8 -35.7,-79.1 -35.7,-78.4 -35.0,-78.4 -33.6,-77.7 -32.2,-77.7 -30.8,-77.7 -30.1,-77.0 -28.7,-77.0 -27.3,-76.3 -25.9,-76.3 -25.2,-76.3 -23.8,-76.3 -22.4,-76.3 -21.0,-75.6 -20.3,-75.6 -18.9,-75.6 -17.5,-74.9 -16.8,-74.9 -15.4,-74.2 -16.8,-74.2 -16.1,-73.5 -15.4,-72.8 -14.7,-72.8 -13.3,-72.8 -12.6,-72.1 -11.2,-72.1 -11.2,-71.4 -10.5,-71.4 -9.1,-71.4 -8.4,-71.4 -7.7,-71.4 -7.0,-70.7 -5.6,-70.7 -5.6,-71.4 -4.2,-71.4 -2.8,-71.4 -2.1,-71.4 -0.7,-71.4 0.0,-71.4 0.7,-71.4 2.1,-71.4 2.8,-70.7 4.2,-70.7 4.9,-70.7 6.3,-70.7 7.0,-70.0 7.7,-70.0 8.4,-70.0 9.8,-70.0 10.5,-70.7 11.9,-70.7 12.6,-70.0 13.3,-70.0 14.7,-70.0 15.4,-70.7 16.1,-70.0 16.8,-70.0 18.2,-70.0 19.6,-70.0 20.3,-70.0 21.7,-70.0 21.7,-70.7 22.4,-70.7 23.8,-70.7 24.5,-70.7 25.9,-70.7 27.3,-70.7 28.0,-70.0 29.4,-70.0 30.1,-70.0 30.8,-70.0 32.2,-70.0 32.9,-69.3 33.6,-68.6 35.0,-68.6 35.0,-69.3 36.4,-69.3 37.1,-69.3 37.8,-69.3 38.5,-70.0 39.9,-69.3 40.6,-68.6 42.0,-68.6 42.7,-68.6 44.1,-68.6 44.8,-67.9 45.5,-67.9 46.2,-67.9 47.6,-67.9 48.3,-67.2 49.0,-67.2 49.7,-67.2 51.1,-67.2 51.1,-66.5 51.8,-66.5 52.5,-65.8 53.9,-65.8 54.6,-65.8 55.3,-65.8 56.7,-65.8 57.4,-66.5 58.1,-67.2 58.8,-67.2 60.2,-67.2 60.9,-67.9 61.6,-67.9 62.3,-67.9 63.0,-67.9 64.4,-67.2 65.1,-67.9 65.8,-67.9 67.2,-67.9 67.9,-67.9 68.6,-67.9 70.0,-69.3 69.3,-70.0 68.6,-70.0 67.9,-70.0 67.9,-70.7 69.3,-70.7 68.6,-71.4 67.9,-72.1 68.6,-72.1 70.0,-72.1 70.7,-72.1 71.4,-71.4 72.1,-71.4 72.8,-70.7 73.5,-70.7 74.2,-70.0 75.6,-70.0 76.3,-69.3 77.7,-69.3 78.4,-69.3 78.4,-68.6 79.1,-68.6 79.8,-67.9 81.2,-67.9 81.2,-67.2 81.9,-67.2 82.6,-67.2 84.0,-67.2 84.7,-67.2 85.4,-67.2 86.8,-67.2 87.5,-67.2 88.2,-66.5 88.9,-67.2 89.6,-67.2 90.3,-67.2 91.7,-67.2 92.4,-67.2 93.8,-67.2 94.5,-67.2 95.2,-67.2 95.9,-67.2 96.6,-67.2 98.0,-67.2 98.7,-67.2 99.4,-67.2 100.1,-67.2 100.8,-66.5 101.5,-66.5 102.9,-65.8 103.6,-65.8 104.3,-65.8 105.0,-66.5 106.4,-67.2 107.1,-67.2 107.8,-67.2 109.2,-66.5 109.9,-66.5 111.3,-66.5 112.0,-65.8 112.7,-65.8 113.4,-65.8 114.1,-65.8 114.8,-66.5 115.5,-66.5 116.9,-66.5 117.6,-67.2 118.3,-67.2 119.7,-67.2 121.1,-67.2 121.8,-67.2 122.5,-66.5 123.2,-66.5 123.9,-66.5 125.3,-66.5 126.0,-66.5 126.7,-66.5 128.1,-66.5 128.8,-66.5 129.5,-66.5 130.9,-66.5 131.6,-66.5 133.0,-66.5 133.7,-66.5 135.1,-66.5 135.1,-65.8 135.1,-65.1 135.8,-65.8 136.5,-66.5 137.2,-67.2 138.6,-67.2 140.0,-67.2 140.7,-66.5 142.1,-66.5 142.8,-66.5 144.2,-66.5 145.6,-67.2 146.3,-67.2 146.3,-67.9 147.7,-67.9 149.1,-68.6 149.8,-68.6 151.2,-68.6 152.6,-68.6 153.3,-68.6 154.0,-68.6 155.4,-68.6 156.1,-69.3 156.8,-69.3 158.2,-69.3 158.9,-69.3 159.6,-70.0 161.0,-70.0 161.7,-70.7 162.4,-70.7 163.8,-70.7 165.2,-70.7 165.9,-70.7 167.3,-70.7 168.7,-70.7 169.4,-71.4 170.8,-71.4 171.5,-71.4 170.8,-72.1 170.1,-72.8 170.1,-73.5 169.4,-73.5 168.0,-73.5 167.3,-74.2 165.9,-74.2 165.9,-74.9 165.2,-74.9 164.5,-75.6 163.8,-75.6 163.8,-76.3 163.8,-77.0 163.8,-77.7 164.5,-77.7 164.5,-78.4 166.6,-78.4 167.3,-79.1 165.2,-79.1 163.8,-79.1 161.7,-79.1 161.0,-79.8 161.0,-80.5 160.3,-80.5 159.6,-81.2 161.0,-81.2 161.7,-81.9 162.4,-81.9 163.8,-82.6 165.2,-82.6 166.6,-83.3 168.7,-83.3 169.4,-84.0 172.2,-84.0 172.9,-84.7 175.7,-84.0 178.5,-84.7 179.9,-84.7 -179.9,-84.7
504|Morocco|-2.1,35.0 -2.1,34.3 -1.4,33.6 -1.4,32.9 -1.4,32.2 -2.8,32.2 -2.8,31.5 -3.5,31.5 -3.5,30.8 -4.9,30.8 -4.9,30.1 -6.3,29.4 -7.0,29.4 -8.4,28.7 -8.4,28.0 -9.1,28.0 -9.1,27.3 -9.8,26.6 -10.5,26.6 -10.5,27.3 -11.2,26.6 -11.9,25.9 -12.6,24.5 -14.0,23.8 -14.0,22.4 -14.7,21.7 -16.8,21.7 -16.8,22.4 -16.1,22.4 -16.1,23.1 -16.1,23.8 -15.4,24.5 -14.7,25.2 -14.7,25.9 -14.7,26.6 -14.0,26.6 -13.3,27.3 -13.3,28.0 -12.6,28.0 -11.9,28.0 -11.2,28.7 -10.5,29.4 -9.8,30.1 -9.8,31.5 -9.1,32.2 -9.1,32.9 -8.4,32.9 -7.7,33.6 -7.0,34.3 -6.3,35.0 -5.6,35.7 -4.9,35.7 -4.9,35.0 -3.5,35.7 -2.8,35.0 -2.1,35.0
818|Egypt|37.1,21.7 32.9,21.7 28.7,21.7 25.2,21.7 25.2,25.9 25.2,29.4 24.5,30.1 25.2,30.8 24.5,30.8 25.2,31.5 26.6,31.5 27.3,31.5 28.7,30.8 29.4,31.5 30.1,31.5 30.8,31.5 31.5,31.5 32.2,30.8 32.2,31.5 32.9,30.8 33.6,30.8 34.3,31.5 35.0,30.1 35.0,29.4 34.3,29.4 34.3,28.0 33.6,27.3 33.6,28.0 32.9,28.7 32.2,30.1 32.9,28.7 33.6,28.0 34.3,25.9 35.0,25.2 35.7,23.8 35.7,23.1 36.4,22.4 37.1,21.7
434|Libya|25.2,21.7 25.2,20.3 23.8,20.3 23.8,19.6 19.6,21.7 16.1,23.1 14.7,23.1 14.0,22.4 13.3,23.1 11.9,23.8 10.5,24.5 9.8,25.2 9.1,25.9 9.8,26.6 9.8,27.3 9.8,28.0 9.8,28.7 9.8,29.4 9.8,30.1 9.8,30.8 9.8,31.5 10.5,31.5 11.2,32.2 11.2,32.9 12.6,32.9 13.3,32.9 14.0,32.9 15.4,32.2 15.4,31.5 16.8,31.5 18.2,30.8 18.9,30.1 19.6,30.8 20.3,30.8 19.6,31.5 20.3,32.2 21.0,32.9 21.7,32.9 23.1,32.9 23.1,32.2 23.8,32.2 25.2,32.2 25.2,31.5 24.5,30.8 25.2,30.8 24.5,30.1 25.2,29.4 25.2,25.9 25.2,21.7
231|Ethiopia|47.6,7.7 44.8,4.9 43.4,4.9 42.7,4.2 42.0,4.2 41.3,4.2 40.6,4.2 39.9,3.5 39.2,3.5 38.5,3.5 37.8,3.5 37.1,4.2 36.4,4.2 35.7,4.9 35.7,5.6 35.0,5.6 35.0,6.3 34.3,7.0 33.6,7.7 32.9,7.7 33.6,8.4 34.3,8.4 34.3,9.8 34.3,10.5 35.0,11.2 35.0,11.9 35.7,12.6 36.4,13.3 36.4,14.7 37.8,14.0 37.8,14.7 38.5,14.7 39.2,14.7 39.9,14.7 40.6,14.0 41.3,14.0 41.3,13.3 42.0,12.6 42.7,12.6 42.0,11.9 42.0,11.2 42.7,11.2 42.7,10.5 42.7,9.8 43.4,9.8 43.4,9.1 46.9,7.7 47.6,7.7
0|Somaliland|49.0,11.2 49.0,9.8 48.3,9.1 47.6,7.7 46.9,7.7 43.4,9.1 43.4,9.8 42.7,9.8 42.7,10.5 42.7,11.2 43.4,11.2 44.1,10.5 44.8,10.5 45.5,10.5 46.9,10.5 47.6,11.2 48.3,11.2 49.0,11.2
800|Uganda|33.6,-0.7 32.2,-0.7 30.8,-0.7 30.1,-1.4 29.4,-1.4 29.4,-0.7 30.1,0.0 30.1,0.7 30.1,1.4 30.8,1.4 30.8,2.1 31.5,2.1 30.8,2.1 30.8,3.5 31.5,3.5 32.2,3.5 32.9,3.5 33.6,3.5 34.3,4.2 34.3,3.5 34.3,2.8 35.0,2.1 35.0,1.4 34.3,0.7 33.6,0.0 33.6,-0.7
70|Bosnia and Herz.|18.9,42.7 17.5,42.7 17.5,43.4 16.8,43.4 16.8,44.1 16.1,44.1 15.4,44.8 16.1,45.5 16.1,44.8 16.8,45.5 18.2,44.8 18.9,44.8 19.6,44.8 18.9,44.1 19.6,44.1 19.6,43.4 18.9,43.4 18.9,42.7
807|Macedonia|22.4,42.0 23.1,42.0 23.1,41.3 22.4,41.3 21.7,40.6 21.0,40.6 20.3,41.3 20.3,42.0 21.0,42.0 21.7,42.0 22.4,42.0
688|Serbia|18.9,46.2 19.6,46.2 20.3,46.2 21.0,45.5 21.7,45.5 21.7,44.8 22.4,44.8 22.4,44.1 22.4,43.4 23.1,43.4 22.4,42.7 22.4,42.0 21.7,42.0 21.7,42.7 21.0,42.7 21.0,43.4 20.3,43.4 20.3,42.7 20.3,43.4 19.6,43.4 18.9,43.4 19.6,43.4 19.6,44.1 18.9,44.1 19.6,44.8 18.9,44.8 19.6,45.5 18.9,45.5 18.9,46.2
728|S. Sudan|30.8,3.5 30.1,4.2 29.4,4.9 29.4,4.2 28.7,4.2 28.0,4.2 27.3,4.9 27.3,5.6 26.6,5.6 25.9,6.3 25.9,7.0 25.2,7.7 24.5,8.4 23.8,8.4 24.5,8.4 24.5,9.1 24.5,9.8 25.2,10.5 25.9,10.5 25.9,9.8 26.6,9.8 27.3,9.8 28.0,9.8 28.0,9.1 28.7,9.1 28.7,9.8 29.4,9.8 30.1,10.5 30.8,9.8 31.5,9.8 32.2,10.5 32.2,11.2 32.2,11.9 32.9,11.9 32.9,11.2 32.9,10.5 33.6,10.5 33.6,9.8 34.3,9.8 34.3,8.4 33.6,8.4 32.9,7.7 33.6,7.7 34.3,7.0 35.0,6.3 35.0,5.6 34.3,4.9 34.3,4.2 33.6,3.5 32.9,3.5 32.2,3.5 31.5,3.5 30.8,3.5